Time,Channel A,Channel B
(us),(V),(V)

-480.19850510,-1.88085600,-0.16025270
-480.09850511,-1.87734600,-0.16049680
-479.99850511,-1.87185300,-0.16083250
-479.89850512,-1.86864800,-0.16125980
-479.79850513,-1.86422300,-0.16153450
-479.69850513,-1.85934000,-0.16229740
-479.59850514,-1.85476200,-0.16217540
-479.49850514,-1.85033700,-0.16269420
-479.39850515,-1.84499600,-0.16345710
-479.29850516,-1.84118200,-0.16360970
-479.19850516,-1.83736700,-0.16425060
-479.09850517,-1.83278900,-0.16443370
-478.99850517,-1.82821100,-0.16495250
-478.89850518,-1.82378600,-0.16556290
-478.79850518,-1.81981900,-0.16571550
-478.69850519,-1.81447800,-0.16592910
-478.59850520,-1.80944200,-0.16650900
-478.49850520,-1.80532200,-0.16690570
-478.39850521,-1.79967700,-0.16687520
-478.29850521,-1.79555700,-0.16763820
-478.19850522,-1.79158900,-0.16776030
-478.09850523,-1.78685900,-0.16821800
-477.99850523,-1.78182300,-0.16879790
-477.89850524,-1.77724500,-0.16898100
-477.79850524,-1.77251500,-0.16922510
-477.69850525,-1.76732700,-0.16983550
-477.59850526,-1.76366500,-0.17014070
-477.49850526,-1.75847600,-0.17065950
-477.39850527,-1.75405100,-0.17093420
-477.29850527,-1.74871100,-0.17099520
-477.19850528,-1.74367500,-0.17166660
-477.09850529,-1.73909700,-0.17200230
-476.99850529,-1.73543500,-0.17230750
-476.89850530,-1.72978900,-0.17267370
-476.79850530,-1.72460100,-0.17307050
-476.69850531,-1.72078600,-0.17346720
-476.59850532,-1.71529300,-0.17392500
-476.49850532,-1.71010500,-0.17426070
-476.39850533,-1.70613700,-0.17450480
-476.29850533,-1.70079600,-0.17508470
-476.19850534,-1.69606600,-0.17538990
-476.09850535,-1.69057300,-0.17548140
-475.99850535,-1.68553700,-0.17593920
-475.89850536,-1.68019700,-0.17612230
-475.79850536,-1.67622900,-0.17670220
-475.69850537,-1.67088800,-0.17661060
-475.59850537,-1.66585300,-0.17743460
-475.49850538,-1.66097000,-0.17767880
-475.39850539,-1.65593400,-0.17798390
-475.29850539,-1.65105100,-0.17816710
-475.19850540,-1.64601600,-0.17862480
-475.09850540,-1.64113300,-0.17902160
-474.99850541,-1.63518200,-0.17938780
-474.89850542,-1.63121400,-0.17966250
-474.79850542,-1.62663700,-0.17999820
-474.69850543,-1.62038000,-0.18030340
-474.59850543,-1.61519200,-0.18066960
-474.49850544,-1.60954600,-0.18076110
-474.39850545,-1.60466300,-0.18115790
-474.29850545,-1.60023800,-0.18167670
-474.19850546,-1.59474500,-0.18192080
-474.09850546,-1.58894600,-0.18219550
-473.99850547,-1.58406300,-0.18259220
-473.89850548,-1.57796000,-0.18311110
-473.79850548,-1.57277100,-0.18350780
-473.69850549,-1.56865100,-0.18335520
-473.59850549,-1.56331100,-0.18384350
-473.49850550,-1.55797000,-0.18417920
-473.39850551,-1.55324000,-0.18454540
-473.29850551,-1.54667800,-0.18488110
-473.19850552,-1.54255800,-0.18518630
-473.09850552,-1.53721700,-0.18552200
-472.99850553,-1.53111400,-0.18579670
-472.89850554,-1.52607800,-0.18625450
-472.79850554,-1.52058500,-0.18607140
-472.69850555,-1.51631200,-0.18652910
-472.59850555,-1.51020800,-0.18720050
-472.49850556,-1.50532500,-0.18750570
-472.39850556,-1.49876400,-0.18747520
-472.29850557,-1.49479700,-0.18796350
-472.19850558,-1.48838800,-0.18790250
-472.09850558,-1.48274200,-0.18863490
-471.99850559,-1.47862200,-0.18872650
-471.89850559,-1.47221300,-0.18900110
-471.79850560,-1.46687200,-0.18909270
-471.69850561,-1.46229400,-0.18961150
-471.59850561,-1.45619100,-0.18958100
-471.49850562,-1.45100200,-0.19034390
-471.39850562,-1.44444100,-0.19067960
-471.29850563,-1.43940500,-0.19067960
-471.19850564,-1.43345400,-0.19101530
-471.09850564,-1.42735100,-0.19125950
-470.99850565,-1.42307800,-0.19165620
-470.89850565,-1.41758500,-0.19190040
-470.79850566,-1.41087100,-0.19034390
-470.69850567,-1.40568300,-0.19272440
-470.59850567,-1.39988400,-0.19183940
-470.49850568,-1.39530600,-0.19367050
-470.39850568,-1.38889700,-0.19302960
-470.29850569,-1.38248800,-0.19272440
-470.19850570,-1.37867400,-0.19409770
-470.09850570,-1.37196000,-0.19394510
-469.99850571,-1.36768700,-0.19434190
-469.89850571,-1.36112500,-0.19425030
-469.79850572,-1.35578500,-0.19458600
-469.69850573,-1.34937600,-0.19492170
-469.59850573,-1.34434000,-0.19522690
-469.49850574,-1.33900000,-0.19534900
-469.39850574,-1.33320100,-0.19608140
-469.29850575,-1.32892800,-0.19797360
-469.19850575,-1.32145100,-0.19605090
-469.09850576,-1.31626300,-0.19638660
-468.99850577,-1.30787100,-0.19556260
-468.89850577,-1.30344600,-0.19766840
-468.79850578,-1.29764700,-0.19699700
-468.69850578,-1.29200100,-0.19766840
-468.59850579,-1.28620300,-0.19748530
-468.49850580,-1.27964100,-0.19772940
-468.39850580,-1.27414800,-0.19833980
-468.29850581,-1.26865400,-0.19827880
-468.19850581,-1.26224600,-0.19885860
-468.09850582,-1.25705700,-0.19867550
-467.99850583,-1.25156400,-0.19876710
-467.89850583,-1.24607100,-0.19949950
-467.79850584,-1.23950900,-0.19928590
-467.69850584,-1.23325300,-0.19995730
-467.59850585,-1.22821700,-0.19974360
-467.49850586,-1.22135100,-0.19992670
-467.39850586,-1.21555200,-0.20090330
-467.29850587,-1.21051700,-0.20053710
-467.19850587,-1.20426000,-0.20059820
-467.09850588,-1.19785200,-0.20136110
-466.99850589,-1.19281600,-0.20114750
-466.89850589,-1.18610200,-0.20145270
-466.79850590,-1.18030300,-0.20194100
-466.69850590,-1.17374200,-0.20163580
-466.59850591,-1.16855400,-0.20215460
-466.49850592,-1.16245000,-0.20209360
-466.39850592,-1.15558300,-0.20212410
-466.29850593,-1.14963200,-0.20261240
-466.19850593,-1.14474900,-0.20282600
-466.09850594,-1.13635700,-0.20316170
-465.99850594,-1.13040600,-0.20340590
-465.89850595,-1.12460700,-0.20361950
-465.79850596,-1.11957200,-0.20352790
-465.69850596,-1.11392600,-0.20456560
-465.59850597,-1.10675400,-0.20392470
-465.49850597,-1.10080300,-0.20432140
-465.39850598,-1.09408900,-0.20447400
-465.29850599,-1.08844300,-0.20468760
-465.19850599,-1.08279700,-0.20462660
-465.09850600,-1.07623500,-0.20480970
-464.99850600,-1.07150500,-0.20529800
-464.89850601,-1.06326500,-0.20554220
-464.79850602,-1.05777200,-0.20557270
-464.69850602,-1.05182000,-0.20554220
-464.59850603,-1.04648000,-0.20603050
-464.49850603,-1.03961300,-0.20606100
-464.39850604,-1.03335700,-0.20664080
-464.29850605,-1.02740600,-0.20609150
-464.19850605,-1.02084400,-0.20664080
-464.09850606,-1.01397800,-0.20679340
-463.99850606,-1.00833200,-0.20688500
-463.89850607,-1.00283800,-0.20682390
-463.79850608,-0.99597160,-0.20709860
-463.69850608,-0.98986790,-0.20752590
-463.59850609,-0.98391680,-0.20743430
-463.49850609,-0.97781310,-0.20795310
-463.39850610,-0.97033600,-0.20786160
-463.29850611,-0.96484270,-0.20792260
-463.19850611,-0.95812860,-0.20831940
-463.09850612,-0.95171970,-0.20810570
-462.99850612,-0.94576860,-0.20828880
-462.89850613,-0.93951230,-0.20844140
-462.79850613,-0.93432410,-0.20883820
-462.69850614,-0.92684720,-0.20883820
-462.59850615,-0.92028560,-0.20938750
-462.49850615,-0.91418190,-0.20908230
-462.39850616,-0.90777310,-0.20914330
-462.29850616,-0.90136410,-0.20935700
-462.19850617,-0.89571830,-0.20975370
-462.09850618,-0.88839380,-0.20954010
-461.99850618,-0.88244270,-0.20975370
-461.89850619,-0.87542340,-0.21005890
-461.79850619,-0.86947230,-0.20993680
-461.69850620,-0.86336860,-0.21030310
-461.59850621,-0.85619680,-0.21039460
-461.49850621,-0.84963530,-0.21021150
-461.39850622,-0.84353160,-0.21076080
-461.29850622,-0.83849600,-0.21045560
-461.19850623,-0.83239230,-0.21115760
-461.09850624,-0.82506790,-0.21085240
-460.99850624,-0.81850640,-0.21109650
-460.89850625,-0.81148710,-0.21106600
-460.79850625,-0.80568860,-0.21137120
-460.69850626,-0.79897460,-0.21118810
-460.59850627,-0.79103980,-0.21140170
-460.49850627,-0.78508870,-0.21167640
-460.39850628,-0.77944270,-0.21161530
-460.29850628,-0.77303390,-0.21179850
-460.19850629,-0.76616720,-0.21201210
-460.09850630,-0.75914790,-0.21189000
-459.99850630,-0.75304420,-0.21192050
-459.89850631,-0.74648270,-0.21213420
-459.79850631,-0.74053160,-0.21210360
-459.69850632,-0.73305460,-0.21216470
-459.59850632,-0.72679830,-0.21231730
-459.49850633,-0.71993170,-0.21250040
-459.39850634,-0.71443830,-0.21277510
-459.29850634,-0.70726640,-0.21271400
-459.19850635,-0.70024720,-0.21298870
-459.09850635,-0.69475390,-0.21277510
-458.99850636,-0.68773460,-0.21298870
-458.89850637,-0.68025760,-0.21332440
-458.79850637,-0.67506950,-0.21332440
-458.69850638,-0.66728720,-0.21317180
-458.59850638,-0.66087830,-0.21283610
-458.49850639,-0.65385910,-0.21341590
-458.39850640,-0.64806060,-0.21314130
-458.29850640,-0.64119390,-0.21314130
-458.19850641,-0.63402210,-0.21341590
-458.09850641,-0.62837610,-0.21353800
-457.99850642,-0.62166200,-0.21384320
-457.89850643,-0.61449020,-0.21417890
-457.79850643,-0.60838650,-0.21378220
-457.69850644,-0.60213020,-0.21375160
-457.59850644,-0.59434800,-0.21396530
-457.49850645,-0.58824430,-0.21384320
-457.39850646,-0.58198800,-0.21390420
-457.29850646,-0.57573170,-0.21387370
-457.19850647,-0.56810210,-0.21396530
-457.09850647,-0.56215100,-0.21417890
-456.99850648,-0.55528430,-0.21430100
-456.89850649,-0.54795990,-0.21436200
-456.79850649,-0.54185610,-0.21454510
-456.69850650,-0.53514210,-0.21417890
-456.59850650,-0.52827540,-0.21430100
-456.49850651,-0.52171390,-0.21436200
-456.39850651,-0.51438950,-0.21439250
-456.29850652,-0.50828580,-0.21420940
-456.19850653,-0.50035100,-0.21445360
-456.09850653,-0.49378950,-0.21414840
-455.99850654,-0.48738060,-0.21445360
-455.89850654,-0.48081910,-0.21463670
-455.79850655,-0.47502060,-0.21460620
-455.69850656,-0.46815390,-0.21469770
-455.59850656,-0.46189760,-0.21466720
-455.49850657,-0.45411540,-0.21481980
-455.39850657,-0.44755390,-0.21506390
-455.29850658,-0.43992430,-0.21506390
-455.19850659,-0.43488880,-0.21478930
-455.09850659,-0.42832730,-0.21466720
-454.99850660,-0.42039250,-0.21485030
-454.89850660,-0.41413620,-0.21454510
-454.79850661,-0.40757470,-0.21494190
-454.69850662,-0.40040280,-0.21485030
-454.59850662,-0.39384140,-0.21475880
-454.49850663,-0.38743250,-0.21457560
-454.39850663,-0.38117620,-0.21488080
-454.29850664,-0.37430950,-0.21475880
-454.19850665,-0.36683250,-0.21494190
-454.09850665,-0.35996580,-0.21475880
-453.99850666,-0.35264140,-0.21466720
-453.89850666,-0.34592730,-0.21466720
-453.79850667,-0.34028140,-0.21515550
-453.69850667,-0.33356730,-0.21466720
-453.59850668,-0.32502210,-0.21475880
-453.49850669,-0.31952880,-0.21463670
-453.39850669,-0.31220440,-0.21466720
-453.29850670,-0.30472730,-0.21503340
-453.19850670,-0.29847100,-0.21481980
-453.09850671,-0.29190950,-0.21448410
-452.99850672,-0.28580590,-0.21478930
-452.89850672,-0.27817620,-0.21460620
-452.79850673,-0.27130960,-0.21466720
-452.69850673,-0.26551100,-0.21503340
-452.59850674,-0.25818660,-0.21417890
-452.49850675,-0.25177770,-0.21481980
-452.39850675,-0.24384290,-0.21469770
-452.29850676,-0.23682360,-0.21430100
-452.19850676,-0.22965180,-0.21423990
-452.09850677,-0.22339550,-0.21457560
-451.99850678,-0.21713920,-0.21417890
-451.89850678,-0.21057770,-0.21454510
-451.79850679,-0.20294810,-0.21399580
-451.69850679,-0.19669180,-0.21414840
-451.59850680,-0.18936740,-0.21436200
-451.49850681,-0.18250070,-0.21393470
-451.39850681,-0.17563400,-0.21423990
-451.29850682,-0.16892000,-0.21393470
-451.19850682,-0.16251110,-0.21402630
-451.09850683,-0.15549180,-0.21387370
-450.99850684,-0.14893030,-0.21393470
-450.89850684,-0.14175850,-0.21375160
-450.79850685,-0.13534960,-0.21366010
-450.69850685,-0.12802510,-0.21362960
-450.59850686,-0.12054810,-0.21347700
-450.49850686,-0.11551260,-0.21384320
-450.39850687,-0.10742520,-0.21292760
-450.29850688,-0.10086370,-0.21390420
-450.19850688,-0.09460738,-0.21304970
-450.09850689,-0.08743553,-0.21359900
-449.99850689,-0.08041627,-0.21359900
-449.89850690,-0.07354961,-0.21320230
-449.79850691,-0.06653035,-0.21301920
-449.69850691,-0.05981628,-0.21259190
-449.59850692,-0.05279702,-0.21277510
-449.49850692,-0.04562517,-0.21274450
-449.39850693,-0.03860591,-0.21237830
-449.29850694,-0.03234962,-0.21268350
-449.19850694,-0.02517777,-0.21234780
-449.09850695,-0.01876888,-0.21295820
-448.99850695,-0.01159703,-0.21231730
-448.89850696,-0.00427259,-0.21216470
-448.79850697,0.00198370,-0.21243930
-448.69850697,0.00930815,-0.21161530
-448.59850698,0.01709037,-0.21201210
-448.49850698,0.02304148,-0.21164590
-448.39850699,0.02838221,-0.21179850
-448.29850700,0.03662221,-0.21170690
-448.19850700,0.04257332,-0.21164590
-448.09850701,0.05020295,-0.21146280
-447.99850701,0.05798517,-0.21112700
-447.89850702,0.06378368,-0.21109650
-447.79850703,0.07019258,-0.21140170
-447.69850703,0.07721183,-0.21115760
-447.59850704,0.08468886,-0.21106600
-447.49850704,0.09155553,-0.21045560
-447.39850705,0.09765923,-0.21069980
-447.29850705,0.10483110,-0.21069980
-447.19850706,0.11124000,-0.21051670
-447.09850707,0.11841180,-0.21036410
-446.99850707,0.12573630,-0.21042510
-446.89850708,0.13260290,-0.20993680
-446.79850708,0.13931700,-0.21011990
-446.69850709,0.14618370,-0.20966220
-446.59850710,0.15335550,-0.20929590
-446.49850710,0.15915400,-0.20947900
-446.39850711,0.16739400,-0.20947900
-446.29850711,0.17365030,-0.20926540
-446.19850712,0.18066960,-0.20908230
-446.09850713,0.18753620,-0.20920440
-445.99850713,0.19440290,-0.20908230
-445.89850714,0.20126960,-0.20896020
-445.79850714,0.20798360,-0.20856350
-445.69850715,0.21530810,-0.20828880
-445.59850716,0.22186960,-0.20850250
-445.49850716,0.22721030,-0.20825830
-445.39850717,0.23468730,-0.20804470
-445.29850717,0.24201180,-0.20761740
-445.19850718,0.24903100,-0.20792260
-445.09850719,0.25543990,-0.20764790
-444.99850719,0.26230660,-0.20761740
-444.89850720,0.27008880,-0.20712910
-444.79850720,0.27619250,-0.20715960
-444.69850721,0.28168580,-0.20715960
-444.59850722,0.28794210,-0.20679340
-444.49850722,0.29465620,-0.20642720
-444.39850723,0.30274360,-0.20642720
-444.29850723,0.31006810,-0.20587790
-444.19850724,0.31571400,-0.20599990
-444.09850724,0.32258060,-0.20581680
-443.99850725,0.32975250,-0.20566420
-443.89850726,0.33631400,-0.20526750
-443.79850726,0.34318060,-0.20557270
-443.69850727,0.35050510,-0.20517590
-443.59850727,0.35767690,-0.20514540
-443.49850728,0.36408580,-0.20502330
-443.39850729,0.36927400,-0.20587790
-443.29850729,0.37812430,-0.20334480
-443.19850730,0.38346510,-0.20514540
-443.09850730,0.39124730,-0.20307020
-442.99850731,0.39780880,-0.20374160
-442.89850732,0.40421770,-0.20438250
-442.79850732,0.41108430,-0.20340590
-442.69850733,0.41795100,-0.20346690
-442.59850733,0.42359690,-0.20343640
-442.49850734,0.43153170,-0.20264290
-442.39850735,0.43733020,-0.20288710
-442.29850735,0.44343390,-0.20233770
-442.19850736,0.45030060,-0.20255130
-442.09850736,0.45762510,-0.20245980
-441.99850737,0.46464430,-0.20200200
-441.89850738,0.47273170,-0.20075080
-441.79850738,0.47975100,-0.19998780
-441.69850739,0.48463390,-0.20154420
-441.59850739,0.49119540,-0.20145270
-441.49850740,0.49851980,-0.20102540
-441.39850741,0.50492880,-0.20038450
-441.29850741,0.51133760,-0.20068970
-441.19850742,0.51820430,-0.20038450
-441.09850742,0.52552870,-0.19971310
-440.99850743,0.53239540,-0.19998780
-440.89850743,0.53849910,-0.19980470
-440.79850744,0.54475540,-0.19925530
-440.69850745,0.55223240,-0.19922480
-440.59850745,0.55818360,-0.19922480
-440.49850746,0.56642350,-0.19876710
-440.39850746,0.57206950,-0.19821770
-440.29850747,0.57939390,-0.19785150
-440.19850748,0.58519240,-0.19794300
-440.09850748,0.59221170,-0.19742420
-439.99850749,0.59892580,-0.19772940
-439.89850749,0.60487690,-0.19721060
-439.79850750,0.61204870,-0.19696650
-439.69850751,0.61784720,-0.19702750
-439.59850751,0.62410350,-0.19656970
-439.49850752,0.63081760,-0.19620350
-439.39850752,0.63798950,-0.19614250
-439.29850753,0.64439830,-0.19602040
-439.19850754,0.65050200,-0.19544050
-439.09850754,0.65828420,-0.19531850
-438.99850755,0.66408280,-0.19495220
-438.89850755,0.66988130,-0.19452500
-438.79850756,0.67659530,-0.19467760
-438.69850757,0.68376720,-0.19437240
-438.59850757,0.69078650,-0.19391460
-438.49850758,0.69704280,-0.19357890
-438.39850758,0.70467240,-0.19376200
-438.29850759,0.71123390,-0.19299910
-438.19850760,0.71779540,-0.19299910
-438.09850760,0.72313610,-0.19296850
-437.99850761,0.73122350,-0.19235820
-437.89850761,0.73686940,-0.19211400
-437.79850762,0.74404130,-0.19171730
-437.69850762,0.75060270,-0.19156470
-437.59850763,0.75518050,-0.19125950
-437.49850764,0.76326790,-0.19095430
-437.39850764,0.76937160,-0.19098480
-437.29850765,0.77532270,-0.19055760
-437.19850765,0.78218940,-0.19025240
-437.09850766,0.78905610,-0.18958100
-436.99850767,0.79546490,-0.18933680
-436.89850767,0.80202650,-0.18930630
-436.79850768,0.80767240,-0.18915370
-436.69850768,0.81438640,-0.18912320
-436.59850769,0.82155830,-0.18832970
-436.49850770,0.82796720,-0.18817710
-436.39850770,0.83376570,-0.18787190
-436.29850771,0.84002200,-0.18778040
-436.19850771,0.84612570,-0.18713950
-436.09850772,0.85268720,-0.18677330
-435.99850773,0.86062200,-0.18643760
-435.89850773,0.86611530,-0.18637650
-435.79850774,0.87237160,-0.18628500
-435.69850774,0.87801750,-0.18597980
-435.59850775,0.88549450,-0.18546100
-435.49850776,0.89220860,-0.18506420
-435.39850776,0.89877010,-0.18500320
-435.29850777,0.90456860,-0.18448440
-435.19850777,0.91097750,-0.18430130
-435.09850778,0.91753900,-0.18411820
-434.99850779,0.92333750,-0.18396560
-434.89850779,0.92944120,-0.18311110
-434.79850780,0.93539230,-0.18320260
-434.69850780,0.94256420,-0.18268380
-434.59850781,0.94927820,-0.18207340
-434.49850781,0.95583970,-0.18210390
-434.39850782,0.96102790,-0.18195140
-434.29850783,0.96728410,-0.18121890
-434.19850783,0.97399820,-0.18121890
-434.09850784,0.97949150,-0.18088320
-433.99850784,0.98620560,-0.18048650
-433.89850785,0.99154640,-0.18027280
-433.79850786,0.99993900,-0.17996770
-433.69850786,1.00466900,-0.17929620
-433.59850787,1.01214600,-0.17917420
-433.49850787,1.01809800,-0.17871640
-433.39850788,1.02389600,-0.17850280
-433.29850789,1.03015200,-0.17825860
-433.19850789,1.03595100,-0.17786190
-433.09850790,1.04220700,-0.17716000
-432.99850790,1.04815800,-0.17722100
-432.89850791,1.05441500,-0.17648850
-432.79850792,1.06082300,-0.17645800
-432.69850792,1.06708000,-0.17603080
-432.59850793,1.07242000,-0.17584760
-432.49850793,1.07913400,-0.17535940
-432.39850794,1.08523800,-0.17471850
-432.29850795,1.09134200,-0.17468800
-432.19850795,1.09775100,-0.17426070
-432.09850796,1.10385500,-0.17407760
-431.99850796,1.10965300,-0.17340620
-431.89850797,1.11621500,-0.17307050
-431.79850798,1.12109700,-0.17270420
-431.69850798,1.12781200,-0.17291790
-431.59850799,1.13315200,-0.17246010
-431.49850799,1.14001900,-0.17151400
-431.39850800,1.14642800,-0.17126990
-431.29850800,1.15207400,-0.17090370
-431.19850801,1.15802500,-0.17065950
-431.09850802,1.16382300,-0.17035430
-430.99850802,1.17038500,-0.16968290
-430.89850803,1.17648900,-0.16949980
-430.79850803,1.18182900,-0.16904200
-430.69850804,1.18869600,-0.16928620
-430.59850805,1.19327400,-0.16818750
-430.49850805,1.20044600,-0.16797390
-430.39850806,1.20563400,-0.16776030
-430.29850806,1.21173700,-0.16742450
-430.19850807,1.21738300,-0.16708880
-430.09850808,1.22241900,-0.16666160
-429.99850808,1.22943800,-0.16586810
-429.89850809,1.23508400,-0.16605120
-429.79850809,1.24118800,-0.16531880
-429.69850810,1.24576600,-0.16470840
-429.59850811,1.25385300,-0.16476940
-429.49850811,1.25904100,-0.16403700
-429.39850812,1.26422900,-0.16403700
-429.29850812,1.26926500,-0.16357920
-429.19850813,1.27613200,-0.16287730
-429.09850814,1.28254000,-0.16220590
-428.99850814,1.28879700,-0.16245000
-428.89850815,1.29444300,-0.16177860
-428.79850815,1.29947800,-0.16144290
-428.69850816,1.30588700,-0.16129030
-428.59850817,1.31077000,-0.16080200
-428.49850817,1.31687400,-0.16046630
-428.39850818,1.32221400,-0.16000850
-428.29850818,1.32831800,-0.15945920
-428.19850819,1.33396400,-0.15884880
-428.09850819,1.33976300,-0.15860470
-427.99850820,1.34586600,-0.15817740
-427.89850821,1.35090200,-0.15781120
-427.79850821,1.35654800,-0.15750600
-427.69850822,1.36143100,-0.15686510
-427.59850822,1.36799200,-0.15652940
-427.49850823,1.37394300,-0.15613270
-427.39850824,1.37852100,-0.15564440
-427.29850824,1.38370900,-0.15558340
-427.19850825,1.39057600,-0.15478990
-427.09850825,1.39622200,-0.15448470
-426.99850826,1.40156300,-0.15402690
-426.89850827,1.40705600,-0.15378280
-426.79850827,1.41300700,-0.15341650
-426.69850828,1.41895800,-0.15280620
-426.59850828,1.42338300,-0.15259250
-426.49850829,1.42979200,-0.15173800
-426.39850830,1.43452300,-0.15155490
-426.29850830,1.44016800,-0.15100560
-426.19850831,1.44505100,-0.15057830
-426.09850831,1.45130800,-0.15018160
-425.99850832,1.45756400,-0.14969330
-425.89850833,1.46260000,-0.14944910
-425.79850833,1.46839800,-0.14902190
-425.69850834,1.47328100,-0.14825890
-425.59850834,1.47908000,-0.14783170
-425.49850835,1.48411500,-0.14755700
-425.39850836,1.48930300,-0.14712970
-425.29850836,1.49433900,-0.14651940
-425.19850837,1.50074800,-0.14630570
-425.09850837,1.50578300,-0.14572590
-424.99850838,1.51173400,-0.14548170
-424.89850838,1.51677000,-0.14502400
-424.79850839,1.52134800,-0.14438310
-424.69850840,1.52729900,-0.14410840
-424.59850840,1.53187700,-0.14358960
-424.49850841,1.53889600,-0.14331490
-424.39850841,1.54347400,-0.14264350
-424.29850842,1.54881400,-0.14221630
-424.19850843,1.55354500,-0.14151430
-424.09850843,1.55949600,-0.14120910
-423.99850844,1.56529400,-0.14108710
-423.89850844,1.57033000,-0.14038520
-423.79850845,1.57490800,-0.13971370
-423.69850846,1.57963800,-0.13940860
-423.59850846,1.58497900,-0.13916440
-423.49850847,1.59093000,-0.13852350
-423.39850847,1.59581300,-0.13779110
-423.29850848,1.60054300,-0.13794370
-423.19850849,1.60542600,-0.13736380
-423.09850849,1.61107200,-0.13687550
-422.99850850,1.61595500,-0.13632620
-422.89850850,1.62022800,-0.13608200
-422.79850851,1.62617900,-0.13519700
-422.69850852,1.63258800,-0.13467820
-422.59850852,1.63701300,-0.13431200
-422.49850853,1.64174300,-0.13357950
-422.39850853,1.64616800,-0.13333540
-422.29850854,1.65135700,-0.13287760
-422.19850855,1.65593400,-0.13266400
-422.09850855,1.66127500,-0.13199250
-421.99850856,1.66707400,-0.13153480
-421.89850856,1.67104100,-0.13098540
-421.79850857,1.67561900,-0.13077180
-421.69850857,1.68004400,-0.12988680
-421.59850858,1.68660500,-0.12961210
-421.49850859,1.69148800,-0.12921540
-421.39850859,1.69606600,-0.12866600
-421.29850860,1.70018600,-0.12826930
-421.19850860,1.70705300,-0.12729270
-421.09850861,1.71071500,-0.12704860
-420.99850862,1.71544500,-0.12671290
-420.89850862,1.72017600,-0.12640770
-420.79850863,1.72582200,-0.12558370
-420.69850863,1.73085700,-0.12509540
-420.59850864,1.73467200,-0.12475970
-420.49850865,1.73986000,-0.12417980
-420.39850865,1.74428500,-0.12405770
-420.29850866,1.74947400,-0.12320320
-420.19850866,1.75481400,-0.12253180
-420.09850867,1.75969700,-0.12216560
-419.99850868,1.76335900,-0.12158570
-419.89850868,1.76854800,-0.12134160
-419.79850869,1.77358300,-0.12051760
-419.69850869,1.77800800,-0.12015140
-419.59850870,1.78212800,-0.11990720
-419.49850871,1.78685900,-0.11917480
-419.39850871,1.79250500,-0.11874750
-419.29850872,1.79647200,-0.11798460
-419.19850872,1.80089700,-0.11752680
-419.09850873,1.80517000,-0.11713000
-418.99850874,1.80959500,-0.11670280
-418.89850874,1.81371500,-0.11621450
-418.79850875,1.81890300,-0.11557360
-418.69850875,1.82271800,-0.11520740
-418.59850876,1.82714300,-0.11462750
-418.49850876,1.83126300,-0.11410870
-418.39850877,1.83675600,-0.11340680
-418.29850878,1.84133400,-0.11297950
-418.19850878,1.84591200,-0.11233860
-418.09850879,1.85003200,-0.11194190
-417.99850879,1.85476200,-0.11151460
-417.89850880,1.85873000,-0.11127050
-417.79850881,1.86315500,-0.11059910
-417.69850881,1.86666500,-0.10989720
-417.59850882,1.87246300,-0.10940890
-417.49850882,1.87627800,-0.10925630
-417.39850883,1.88131400,-0.10858490
-417.29850884,1.88482300,-0.10821860
-417.19850884,1.88940100,-0.10718100
-417.09850885,1.89336800,-0.10708950
-416.99850885,1.89794600,-0.10617390
-416.89850886,1.90221900,-0.10568560
-416.79850887,1.90603400,-0.10538040
-416.69850887,1.91000100,-0.10422070
-416.59850888,1.91381600,-0.10431230
-416.49850888,1.91930900,-0.10422070
-416.39850889,1.92297100,-0.10351880
-416.29850890,1.92556500,-0.10345770
-416.19850890,1.93090600,-0.10074160
-416.09850891,1.93563700,-0.10144350
-415.99850891,1.93899300,-0.10150460
-415.89850892,1.94357100,-0.10031430
-415.79850893,1.94784400,-0.10016170
-415.69850893,1.95242200,-0.09927671
-415.59850894,1.95547400,-0.09854427
-415.49850894,1.95974600,-0.09863582
-415.39850895,1.96447600,-0.09735405
-415.29850895,1.96752800,-0.09744560
-415.19850896,1.97149600,-0.09619434
-415.09850897,1.97546300,-0.09668264
-414.99850897,1.97805700,-0.09915464
-414.89850898,1.98324500,-0.09360027
-414.79850898,1.98736500,-0.09585864
-414.69850899,1.99118000,-0.09387493
-414.59850900,1.99591100,-0.09280679
-414.49850900,1.99911500,-0.09344768
-414.39850901,2.00277700,-0.09222694
-414.29850901,2.00811800,-0.09137242
-414.19850902,2.01101700,-0.09103671
-414.09850903,2.01574800,-0.09057894
-413.99850903,2.01803600,-0.08999909
-413.89850904,2.02215600,-0.08966338
-413.79850904,2.02581900,-0.08874783
-413.69850905,2.02978600,-0.08871730
-413.59850906,2.03314300,-0.08807642
-413.49850906,2.03650000,-0.08758812
-413.39850907,2.03970500,-0.08694723
-413.29850907,2.04458800,-0.08633687
-413.19850908,2.04825000,-0.08578753
-413.09850909,2.05221700,-0.08542131
-412.99850909,2.05496400,-0.08456679
-412.89850910,2.06015200,-0.08398694
-412.79850910,2.06274600,-0.08365124
-412.69850911,2.06534000,-0.08273568
-412.59850912,2.06915500,-0.08267464
-412.49850912,2.07373300,-0.08151494
-412.39850913,2.07632700,-0.08133183
-412.29850913,2.08075200,-0.08093509
-412.19850914,2.08395600,-0.08038575
-412.09850914,2.08777100,-0.07937864
-411.99850915,2.09067100,-0.07922605
-411.89850916,2.09494300,-0.07849361
-411.79850916,2.09753700,-0.07803583
-411.69850917,2.10028400,-0.07748649
-411.59850917,2.10455600,-0.07650990
-411.49850918,2.10715100,-0.07620472
-411.39850919,2.11142300,-0.07556383
-411.29850919,2.11493300,-0.07538072
-411.19850920,2.11813700,-0.07419050
-411.09850920,2.12179900,-0.07379375
-410.99850921,2.12454600,-0.07321391
-410.89850922,2.12836100,-0.07303079
-410.79850922,2.13080200,-0.07229835
-410.69850923,2.13538000,-0.07165746
-410.59850923,2.13766900,-0.07101657
-410.49850924,2.14087300,-0.07049776
-410.39850925,2.14362000,-0.07000946
-410.29850925,2.14804500,-0.06930754
-410.19850926,2.15048700,-0.06884976
-410.09850926,2.15262300,-0.06836146
-409.99850927,2.15628500,-0.06799524
-409.89850928,2.16040500,-0.06704917
-409.79850928,2.16238900,-0.06656087
-409.69850929,2.16605100,-0.06588946
-409.59850929,2.16803500,-0.06534013
-409.49850930,2.17230700,-0.06476028
-409.39850930,2.17505400,-0.06424146
-409.29850931,2.17688500,-0.06372265
-409.19850932,2.18070000,-0.06295969
-409.09850932,2.18436200,-0.06228828
-408.99850933,2.18741400,-0.06204413
-408.89850933,2.18970300,-0.06128117
-408.79850934,2.19290800,-0.06057924
-408.69850935,2.19641700,-0.06012146
-408.59850935,2.19840100,-0.05941954
-408.49850936,2.20099500,-0.05883969
-408.39850936,2.20389400,-0.05871761
-408.29850937,2.20770900,-0.05752739
-408.19850938,2.21060800,-0.05691702
-408.09850938,2.21228700,-0.05670339
-407.99850939,2.21518600,-0.05606250
-407.89850939,2.21808500,-0.05523850
-407.79850940,2.22174700,-0.05499435
-407.69850941,2.22373100,-0.05426191
-407.59850941,2.22647800,-0.05352946
-407.49850942,2.22968200,-0.05346843
-407.39850942,2.23227600,-0.05267495
-407.29850943,2.23395500,-0.05212561
-407.19850944,2.23731200,-0.05127110
-407.09850944,2.24036400,-0.05056917
-406.99850945,2.24127900,-0.05017243
-406.89850945,2.24433100,-0.04971465
-406.79850946,2.24784100,-0.04919584
-406.69850947,2.24951900,-0.04821924
-406.59850947,2.25257100,-0.04785302
-406.49850948,2.25486000,-0.04696799
-406.39850948,2.25714900,-0.04678487
-406.29850949,2.26004800,-0.04602191
-406.19850949,2.26233700,-0.04559465
-406.09850950,2.26554200,-0.04464858
-405.99850951,2.26691500,-0.04446547
-405.89850951,2.26935600,-0.04361095
-405.79850952,2.27286600,-0.04309214
-405.69850952,2.27286600,-0.04242073
-405.59850953,2.27668100,-0.04208503
-405.49850954,2.27942800,-0.04159673
-405.39850954,2.28217400,-0.04052858
-405.29850955,2.28354700,-0.04031495
-405.19850955,2.28675200,-0.03955199
-405.09850956,2.28873600,-0.03906369
-404.99850957,2.29026200,-0.03839228
-404.89850957,2.29361900,-0.03753777
-404.79850958,2.29483900,-0.03726310
-404.69850958,2.29682300,-0.03674429
-404.59850959,2.29911200,-0.03619495
-404.49850960,2.30079000,-0.03543199
-404.39850960,2.30246900,-0.03479110
-404.29850961,2.30582600,-0.03421125
-404.19850961,2.30796200,-0.03341777
-404.09850962,2.31070900,-0.03302103
-403.99850963,2.31223500,-0.03231910
-403.89850963,2.31406600,-0.03195288
-403.79850964,2.31620200,-0.03128147
-403.69850964,2.31864400,-0.03027436
-403.59850965,2.32062700,-0.02987762
-403.49850966,2.32139000,-0.02938933
-403.39850966,2.32444200,-0.02883999
-403.29850967,2.32596800,-0.02819910
-403.19850967,2.32825700,-0.02771081
-403.09850968,2.32963000,-0.02679525
-402.99850968,2.33222500,-0.02658162
-402.89850969,2.33436100,-0.02587970
-402.79850970,2.33542900,-0.02529984
-402.69850970,2.33726000,-0.02441481
-402.59850971,2.33970100,-0.02398755
-402.49850971,2.34015900,-0.02356029
-402.39850972,2.34214300,-0.02279733
-402.29850973,2.34504200,-0.02218696
-402.19850973,2.34550000,-0.02166814
-402.09850974,2.34763600,-0.02102725
-401.99850974,2.34931500,-0.02053896
-401.89850975,2.35038300,-0.01971496
-401.79850976,2.35251900,-0.01895199
-401.69850976,2.35435000,-0.01864681
-401.59850977,2.35511300,-0.01809748
-401.49850977,2.35694500,-0.01721244
-401.39850978,2.35908100,-0.01669363
-401.29850979,2.36014900,-0.01629688
-401.19850979,2.36182700,-0.01571703
-401.09850980,2.36289500,-0.01516770
-400.99850980,2.36610000,-0.01409955
-400.89850981,2.36671000,-0.01345866
-400.79850982,2.36838900,-0.01312296
-400.69850982,2.36884700,-0.01266518
-400.59850983,2.37083000,-0.01199377
-400.49850983,2.37220400,-0.01123081
-400.39850984,2.37373000,-0.01062044
-400.29850985,2.37495000,-0.01058992
-400.19850985,2.37617100,-0.00958281
-400.09850986,2.37723900,-0.00891141
-399.99850986,2.37891800,-0.00817896
-399.89850987,2.37937600,-0.00766015
-399.79850987,2.38074900,-0.00695822
-399.69850988,2.38288500,-0.00637837
-399.59850989,2.38425900,-0.00589007
-399.49850989,2.38502100,-0.00485244
-399.39850990,2.38609000,-0.00473037
-399.29850990,2.38685300,-0.00412000
-399.19850991,2.38853100,-0.00390637
-399.09850992,2.38959900,-0.00314341
-398.99850992,2.39097300,-0.00228889
-398.89850993,2.39112500,-0.00167852
-398.79850993,2.39326100,-0.00106815
-398.69850994,2.39417700,-0.00051881
-398.59850995,2.39463500,-0.00006104
-398.49850995,2.39570300,0.00094607
-398.39850996,2.39707600,0.00140385
-398.29850996,2.39768700,0.00198370
-398.19850997,2.39875500,0.00268563
-398.09850998,2.39890700,0.00308237
-397.99850998,2.40012800,0.00387585
-397.89850999,2.40134900,0.00442518
-397.79850999,2.40165400,0.00515763
-397.69851000,2.40348500,0.00561541
-397.59851001,2.40470600,0.00619526
-397.49851001,2.40531600,0.00686667
-397.39851002,2.40745300,0.00744652
-397.29851002,2.40699500,0.00820948
-397.19851003,2.40791000,0.00875881
-397.09851004,2.40760500,0.00878933
-396.99851004,2.40928400,0.01022370
-396.89851005,2.41050500,0.01058992
-396.79851005,2.41019900,0.01083407
-396.69851006,2.41050500,0.01174963
-396.59851006,2.41187800,0.01236000
-396.49851007,2.41203000,0.01287881
-396.39851008,2.41248800,0.01361126
-396.29851008,2.41309900,0.01379437
-396.19851009,2.41401400,0.01455733
-396.09851009,2.41386200,0.01522874
-395.99851010,2.41431900,0.01580859
-395.89851011,2.41538700,0.01626636
-395.79851011,2.41676100,0.01727348
-395.69851012,2.41706600,0.01760918
-395.59851012,2.41782900,0.01821955
-395.49851013,2.41721800,0.01889096
-395.39851014,2.41905000,0.01959288
-395.29851014,2.41798100,0.01998962
-395.19851015,2.41905000,0.02081362
-395.09851015,2.41874500,0.02130192
-394.99851016,2.41950800,0.02188177
-394.89851017,2.41905000,0.02252266
-394.79851017,2.41981300,0.02301096
-394.69851018,2.41966000,0.02352977
-394.59851018,2.41981300,0.02401807
-394.49851019,2.42103300,0.02456740
-394.39851020,2.42042300,0.02542192
-394.29851020,2.42057600,0.02587970
-394.19851021,2.42225400,0.02685629
-394.09851021,2.42164400,0.02700888
-393.99851022,2.42118600,0.02804651
-393.89851023,2.42133900,0.02865688
-393.79851023,2.42072800,0.02905362
-393.69851024,2.42118600,0.02954192
-393.59851024,2.42194900,0.03033540
-393.49851025,2.42164400,0.03067110
-393.39851025,2.42225400,0.03164769
-393.29851026,2.42194900,0.03213599
-393.19851027,2.42088100,0.03253273
-393.09851027,2.42057600,0.03338725
-392.99851028,2.42286400,0.03375347
-392.89851028,2.42133900,0.03448591
-392.79851029,2.42164400,0.03500473
-392.69851030,2.42179600,0.03534044
-392.59851030,2.42133900,0.03592028
-392.49851031,2.42118600,0.03680532
-392.39851031,2.42118600,0.03750725
-392.29851032,2.42133900,0.03814813
-392.19851033,2.41996500,0.03888058
-392.09851033,2.41966000,0.03918577
-391.99851034,2.42088100,0.04000977
-391.89851034,2.42027000,0.04043702
-391.79851035,2.41935500,0.04110843
-391.69851036,2.42042300,0.04147466
-391.59851036,2.41981300,0.04251228
-391.49851037,2.41798100,0.04263436
-391.39851037,2.41828700,0.04342784
-391.29851038,2.41813400,0.04397717
-391.19851039,2.41813400,0.04461806
-391.09851039,2.41737100,0.04495376
-390.99851040,2.41645600,0.04562517
-390.89851040,2.41599800,0.04632710
-390.79851041,2.41538700,0.04693747
-390.69851042,2.41523500,0.04763939
-390.59851042,2.41523500,0.04791406
-390.49851043,2.41508200,0.04898221
-390.39851043,2.41386200,0.04947050
-390.29851044,2.41325100,0.04977569
-390.19851044,2.41340400,0.05038606
-390.09851045,2.41218300,0.05084383
-389.99851046,2.41172500,0.05188147
-389.89851046,2.41187800,0.05249184
-389.79851047,2.40943600,0.05298013
-389.69851047,2.40852100,0.05343791
-389.59851048,2.40882600,0.05417036
-389.49851049,2.40806300,0.05462813
-389.39851049,2.40775800,0.05520798
-389.29851050,2.40623200,0.05578784
-389.19851050,2.40501100,0.05514695
-389.09851051,2.40623200,0.05844295
-388.99851052,2.40287500,0.05664235
-388.89851052,2.40257000,0.05926695
-388.79851053,2.40333300,0.05865657
-388.69851053,2.40134900,0.05853450
-388.59851054,2.40089100,0.06006043
-388.49851055,2.39997600,0.06088443
-388.39851055,2.39875500,0.06051821
-388.29851056,2.39753400,0.06164739
-388.19851056,2.39600800,0.06176946
-388.09851057,2.39509300,0.06256294
-387.99851058,2.39478800,0.06323435
-387.89851058,2.39295600,0.06320383
-387.79851059,2.39158300,0.06439406
-387.69851059,2.39082000,0.06479079
-387.59851060,2.38914200,0.06384473
-387.49851061,2.38914200,0.06625568
-387.39851061,2.38700500,0.06674398
-387.29851062,2.38807300,0.06802576
-387.19851062,2.38563200,0.06747642
-387.09851063,2.38471600,0.06830043
-386.99851063,2.38303800,0.06927702
-386.89851064,2.38258000,0.06952117
-386.79851065,2.38105400,0.07022309
-386.69851065,2.37998600,0.07080294
-386.59851066,2.37815500,0.07123020
-386.49851066,2.37678100,0.07177953
-386.39851067,2.37647600,0.07232887
-386.29851068,2.37434000,0.07309183
-386.19851068,2.37296700,0.07345805
-386.09851069,2.37144100,0.07385479
-385.99851069,2.37083000,0.07483138
-385.89851070,2.36976200,0.07504501
-385.79851071,2.36823600,0.07620472
-385.69851071,2.36564200,0.07638783
-385.59851072,2.36381100,0.07687613
-385.49851072,2.36213300,0.07718131
-385.39851073,2.36091200,0.07818842
-385.29851074,2.36014900,0.07834101
-385.19851074,2.35892800,0.07943968
-385.09851075,2.35725000,0.07980590
-384.99851075,2.35602900,0.08001953
-384.89851076,2.35450300,0.08133183
-384.79851077,2.35190900,0.08133183
-384.69851077,2.35114600,0.08200324
-384.59851078,2.34946800,0.08276620
-384.49851078,2.34778900,0.08301035
-384.39851079,2.34611000,0.08349864
-384.29851080,2.34458400,0.08438368
-384.19851080,2.34260100,0.08453627
-384.09851081,2.34199000,0.08600116
-383.99851081,2.33878600,0.08557390
-383.89851082,2.33665000,0.08642842
-383.79851082,2.33512400,0.08670308
-383.69851083,2.33253000,0.08746605
-383.59851084,2.33191900,0.08807642
-383.49851084,2.32978300,0.08893093
-383.39851085,2.32795200,0.08874783
-383.29851085,2.32779900,0.09012116
-383.19851086,2.32444200,0.09030427
-383.09851087,2.32245900,0.09079257
-382.99851087,2.32032200,0.09115878
-382.89851088,2.31803300,0.09161656
-382.79851088,2.31635500,0.09241004
-382.69851089,2.31391300,0.09298990
-382.59851090,2.31223500,0.09338664
-382.49851090,2.31009900,0.09393597
-382.39851091,2.30750400,0.09433271
-382.29851091,2.30613100,0.09524827
-382.19851092,2.30323200,0.09552293
-382.09851093,2.30246900,0.09640797
-381.99851093,2.29972200,0.09671316
-381.89851094,2.29697600,0.09717093
-381.79851094,2.29575500,0.09799493
-381.69851095,2.29270300,0.09836116
-381.59851096,2.29056700,0.09897152
-381.49851096,2.28843000,0.09930723
-381.39851097,2.28705700,0.10010070
-381.29851097,2.28415800,0.10058900
-381.19851098,2.28232700,0.10113830
-381.09851099,2.27927500,0.10147400
-380.99851099,2.27683300,0.10220650
-380.89851100,2.27469700,0.10248120
-380.79851100,2.27271300,0.10290840
-380.69851101,2.26996700,0.10367140
-380.59851101,2.26844100,0.10415970
-380.49851102,2.26538900,0.10489210
-380.39851103,2.26310000,0.10544150
-380.29851103,2.26065900,0.10574660
-380.19851104,2.25821700,0.10641800
-380.09851104,2.25501300,0.10696740
-379.99851105,2.25226600,0.10727260
-379.89851106,2.24967200,0.10776090
-379.79851106,2.24753600,0.10809660
-379.69851107,2.24478900,0.10901210
-379.59851107,2.24311000,0.10959200
-379.49851108,2.24051600,0.10974460
-379.39851109,2.23761700,0.11059910
-379.29851109,2.23517600,0.11105690
-379.19851110,2.23258200,0.11175880
-379.09851110,2.22861400,0.11212500
-378.99851111,2.22693600,0.11261330
-378.89851112,2.22342600,0.11273540
-378.79851112,2.22083200,0.11352890
-378.69851113,2.21793300,0.11413920
-378.59851113,2.21488100,0.11392560
-378.49851114,2.21305000,0.11523790
-378.39851115,2.20969300,0.11539050
-378.29851115,2.20725100,0.11593980
-378.19851116,2.20481000,0.11682490
-378.09851116,2.20145300,0.11691640
-377.99851117,2.19885800,0.11731310
-377.89851118,2.19641700,0.11853390
-377.79851118,2.19260200,0.11871700
-377.69851119,2.18970300,0.11923580
-377.59851119,2.18771900,0.11951050
-377.49851120,2.18421000,0.11987670
-377.39851120,2.18131000,0.12067020
-377.29851121,2.17825900,0.12125000
-377.19851122,2.17490100,0.12131110
-377.09851122,2.17261300,0.12225720
-376.99851123,2.16956100,0.12274540
-376.89851123,2.16681400,0.12314220
-376.79851124,2.16299900,0.12396620
-376.69851125,2.15933700,0.12424090
-376.59851125,2.15659000,0.12482070
-376.49851126,2.15521700,0.12494280
-376.39851126,2.14987600,0.12576680
-376.29851127,2.14758800,0.12576680
-376.19851128,2.14484100,0.12628560
-376.09851128,2.14117900,0.12677390
-375.99851129,2.13766900,0.12747580
-375.89851129,2.13446500,0.12778100
-375.79851130,2.13202300,0.12845240
-375.69851131,2.12775000,0.12918490
-375.59851131,2.12546200,0.12961210
-375.49851132,2.12195200,0.13016140
-375.39851132,2.11844200,0.13025300
-375.29851133,2.11417000,0.13098540
-375.19851134,2.11157600,0.13153480
-375.09851134,2.10852400,0.13168740
-374.99851135,2.10470900,0.13226720
-374.89851135,2.10104700,0.13245030
-374.79851136,2.09799500,0.13318280
-374.69851137,2.09494300,0.13367110
-374.59851137,2.09234900,0.13418990
-374.49851138,2.08761900,0.13428140
-374.39851138,2.08410900,0.13516650
-374.29851139,2.08090400,0.13544110
-374.19851139,2.07770000,0.13565480
-374.09851140,2.07373300,0.13666190
-373.99851141,2.07068100,0.13711970
-373.89851141,2.06625600,0.13727230
-373.79851142,2.06350900,0.13824880
-373.69851142,2.05923700,0.13849300
-373.59851143,2.05572700,0.13870660
-373.49851144,2.05175900,0.13934750
-373.39851144,2.04886000,0.13946960
-373.29851145,2.04565600,0.14011050
-373.19851145,2.04153600,0.14044620
-373.09851146,2.03833100,0.14099550
-372.99851147,2.03375300,0.14142280
-372.89851147,2.03024400,0.14185000
-372.79851148,2.02780200,0.14249090
-372.69851148,2.02246200,0.14276560
-372.59851149,2.01834200,0.14331490
-372.49851150,2.01467900,0.14380320
-372.39851150,2.01178000,0.14450510
-372.29851151,2.00750800,0.14465770
-372.19851151,2.00415100,0.14532910
-372.09851152,1.99911500,0.14557330
-371.99851153,1.99606300,0.14587850
-371.89851153,1.99133300,0.14639730
-371.79851154,1.98843300,0.14648880
-371.69851154,1.98431300,0.14694660
-371.59851155,1.98034600,0.14783170
-371.49851156,1.97607400,0.14838100
-371.39851156,1.97103800,0.14859460
-371.29851157,1.96737600,0.14911340
-371.19851157,1.96417100,0.14960170
-371.09851158,1.95928800,0.14975430
-370.99851158,1.95562600,0.15027310
-370.89851159,1.95150600,0.15060880
-370.79851160,1.94769100,0.15115820
-370.69851160,1.94418200,0.15164650
-370.59851161,1.93990900,0.15210430
-370.49851161,1.93502600,0.15237890
-370.39851162,1.93105900,0.15277570
-370.29851163,1.92678600,0.15323340
-370.19851163,1.92297100,0.15372170
-370.09851164,1.91854600,0.15393540
-369.99851164,1.91396800,0.15448470
-369.89851165,1.90984800,0.15466780
-369.79851166,1.90633900,0.15524770
-369.69851166,1.90206600,0.15564440
-369.59851167,1.89764100,0.15613270
-369.49851167,1.89336800,0.15683460
-369.39851168,1.88924800,0.15695670
-369.29851169,1.88467000,0.15756710
-369.19851169,1.88055100,0.15771970
-369.09851170,1.87673600,0.15793330
-368.99851170,1.87246300,0.15842160
-368.89851171,1.86834300,0.15884880
-368.79851172,1.86254500,0.15927610
-368.69851172,1.85811900,0.15982540
-368.59851173,1.85415200,0.16031370
-368.49851173,1.85003200,0.16064940
-368.39851174,1.84530200,0.16071050
-368.29851175,1.84133400,0.16147340
-368.19851175,1.83645100,0.16180910
-368.09851176,1.83156800,0.16199230
-367.99851176,1.82805900,0.16257210
-367.89851177,1.82363400,0.16278570
-367.79851177,1.81829300,0.16324350
-367.69851178,1.81447800,0.16385390
-367.59851179,1.81020500,0.16412850
-367.49851179,1.80532200,0.16461680
-367.39851180,1.80043900,0.16510510
-367.29851180,1.79662500,0.16528820
-367.19851181,1.79189400,0.16580710
-367.09851182,1.78731700,0.16617330
-366.99851182,1.78197600,0.16617330
-366.89851183,1.77770300,0.16675310
-366.79851183,1.77312500,0.16702780
-366.69851184,1.76870000,0.16754660
-366.59851185,1.76335900,0.16797390
-366.49851185,1.75817100,0.16794340
-366.39851186,1.75328800,0.16815700
-366.29851186,1.74932100,0.16888940
-366.19851187,1.74474300,0.16931670
-366.09851188,1.74001300,0.16986600
-365.99851188,1.73619800,0.17011020
-365.89851189,1.72963700,0.17053740
-365.79851189,1.72551700,0.17065950
-365.69851190,1.72139700,0.17148350
-365.59851191,1.71651400,0.17136140
-365.49851191,1.71163100,0.17197180
-365.39851192,1.70568000,0.17194130
-365.29851192,1.70217000,0.17282630
-365.19851193,1.69591400,0.17264320
-365.09851194,1.69164100,0.17343670
-364.99851194,1.68614800,0.17371140
-364.89851195,1.68202800,0.17383340
-364.79851195,1.67668700,0.17441330
-364.69851196,1.67195700,0.17444380
-364.59851196,1.66646300,0.17496260
-364.49851197,1.66158000,0.17551190
-364.39851198,1.65730800,0.17569510
-364.29851198,1.65288200,0.17627490
-364.19851199,1.64738900,0.17624440
-364.09851199,1.64189600,0.17661060
-363.99851200,1.63716500,0.17685480
-363.89851201,1.63197700,0.17767880
-363.79851201,1.62572100,0.17773980
-363.69851202,1.62129600,0.17828910
-363.59851202,1.61580300,0.17813650
-363.49851203,1.61183500,0.17883850
-363.39851204,1.60557900,0.17893000
-363.29851204,1.60054300,0.17926570
-363.19851205,1.59520200,0.17960140
-363.09851205,1.59016700,0.17972350
-362.99851206,1.58620000,0.18070010
-362.89851207,1.58009600,0.18066960
-362.79851207,1.57551800,0.18063910
-362.69851208,1.56987200,0.18124940
-362.59851208,1.56529400,0.18134100
-362.49851209,1.55949600,0.18210390
-362.39851210,1.55446000,0.18213450
-362.29851210,1.54973000,0.18228710
-362.19851211,1.54347400,0.18301950
-362.09851211,1.53828500,0.18329420
-361.99851212,1.53309700,0.18366040
-361.89851212,1.52745100,0.18353830
-361.79851213,1.52256800,0.18387400
-361.69851214,1.51707500,0.18399610
-361.59851214,1.51204000,0.18344680
-361.49851215,1.50685100,0.18619340
-361.39851215,1.49998500,0.18445390
-361.29851216,1.49556000,0.18646810
-361.19851217,1.49189700,0.18607140
-361.09851217,1.48518300,0.18588820
-360.99851218,1.47953700,0.18668170
-360.89851218,1.47373900,0.18671220
-360.79851219,1.46855100,0.18671220
-360.69851220,1.46382000,0.18774990
-360.59851220,1.45863200,0.18744470
-360.49851221,1.45191800,0.18774990
-360.39851221,1.44688200,0.18829920
-360.29851222,1.44108400,0.18839080
-360.19851223,1.43665900,0.18869590
-360.09851223,1.43147100,0.18924530
-359.99851224,1.42521400,0.19074070
-359.89851224,1.41865300,0.18875700
-359.79851225,1.41361700,0.18982510
-359.69851226,1.40827700,0.19043550
-359.59851226,1.40293600,0.19052710
-359.49851227,1.39622200,0.19049650
-359.39851227,1.39103400,0.19113740
-359.29851228,1.38599800,0.19135110
-359.19851229,1.38004700,0.19153420
-359.09851229,1.37455400,0.19180880
-358.99851230,1.36829700,0.19162570
-358.89851230,1.36372000,0.19217510
-358.79851231,1.35715800,0.19229710
-358.69851231,1.35136000,0.19248020
-358.59851232,1.34571400,0.19327370
-358.49851233,1.34052600,0.19299910
-358.39851233,1.33488000,0.19367050
-358.29851234,1.32984400,0.19421980
-358.19851234,1.32267200,0.19400620
-358.09851235,1.31672100,0.19379250
-357.99851236,1.31168600,0.19415880
-357.89851236,1.30604000,0.19516590
-357.79851237,1.30069900,0.19531850
-357.69851237,1.29459500,0.19492170
-357.59851238,1.28803400,0.19513540
-357.49851239,1.28177700,0.19602040
-357.39851239,1.27735200,0.19641710
-357.29851240,1.27185900,0.19592880
-357.19851240,1.26468700,0.19611190
-357.09851241,1.25904100,0.19656970
-356.99851242,1.25400600,0.19721060
-356.89851242,1.24897000,0.19757680
-356.79851243,1.24149300,0.19696650
-356.69851243,1.23645700,0.19745480
-356.59851244,1.23035400,0.19794300
-356.49851245,1.22470800,0.19849240
-356.39851245,1.21738300,0.19788200
-356.29851246,1.21143200,0.19806510
-356.19851246,1.20654900,0.19879760
-356.09851247,1.20029300,0.19934690
-355.99851248,1.19541000,0.19925530
-355.89851248,1.18793300,0.19907220
-355.79851249,1.18274500,0.19940790
-355.69851249,1.17770900,0.20017090
-355.59851250,1.17145300,0.20041500
-355.49851250,1.16458600,0.20001830
-355.39851251,1.15817700,0.20017090
-355.29851252,1.15222600,0.20044560
-355.19851252,1.14673300,0.20151370
-355.09851253,1.14047700,0.20096440
-354.99851253,1.13467800,0.20096440
-354.89851254,1.12842200,0.20105590
-354.79851255,1.12201300,0.20163580
-354.69851255,1.11743500,0.20203250
-354.59851256,1.10995800,0.20175790
-354.49851256,1.10431200,0.20169680
-354.39851257,1.09820900,0.20212410
-354.29851258,1.09103700,0.20255130
-354.19851258,1.08600100,0.20291760
-354.09851259,1.07974500,0.20282600
-353.99851259,1.07333600,0.20303960
-353.89851260,1.06814800,0.20361950
-353.79851261,1.06097600,0.20392470
-353.69851261,1.05410900,0.20343640
-353.59851262,1.04876900,0.20386370
-353.49851262,1.04190200,0.20401620
-353.39851263,1.03686600,0.20438250
-353.29851264,1.03045700,0.20444350
-353.19851264,1.02328600,0.20371100
-353.09851265,1.01626600,0.20465710
-352.99851265,1.01168900,0.20453510
-352.89851266,1.00528000,0.20535910
-352.79851267,0.99887080,0.20526750
-352.69851267,0.99322490,0.20511490
-352.59851268,0.98681600,0.20557270
-352.49851268,0.98101750,0.20560320
-352.39851269,0.97399820,0.20572530
-352.29851269,0.96911530,0.20578630
-352.19851270,0.96163820,0.20593890
-352.09851271,0.95507680,0.20627460
-351.99851271,0.94912560,0.20661030
-351.89851272,0.94195380,0.20651880
-351.79851272,0.93676570,0.20670190
-351.69851273,0.92928860,0.20679340
-351.59851274,0.92410050,0.20709860
-351.49851274,0.91753900,0.20725120
-351.39851275,0.91113010,0.20725120
-351.29851275,0.90502640,0.20749530
-351.19851276,0.89831230,0.20734280
-351.09851277,0.89220860,0.20780050
-350.99851277,0.88549450,0.20734280
-350.89851278,0.87862790,0.20777000
-350.79851278,0.87359230,0.20822780
-350.69851279,0.86657310,0.20777000
-350.59851280,0.85955380,0.20813620
-350.49851280,0.85375530,0.20847190
-350.39851281,0.84704120,0.20847190
-350.29851281,0.84063230,0.20874660
-350.19851282,0.83437600,0.20865500
-350.09851283,0.82735680,0.20871610
-349.99851283,0.82140570,0.20905180
-349.89851284,0.81484420,0.20908230
-349.79851284,0.80797760,0.20911280
-349.69851285,0.80141600,0.20911280
-349.59851286,0.79638050,0.20947900
-349.49851286,0.78936120,0.20963160
-349.39851287,0.78051090,0.20950960
-349.29851287,0.77455980,0.20969270
-349.19851288,0.76876130,0.20996730
-349.09851288,0.76235230,0.20978420
-348.99851289,0.75624870,0.21021150
-348.89851290,0.74983980,0.21021150
-348.79851290,0.74327830,0.21027250
-348.69851291,0.73610650,0.21027250
-348.59851291,0.73091830,0.21051670
-348.49851292,0.72481460,0.21063870
-348.39851293,0.71718500,0.21088290
-348.29851293,0.71108130,0.21085240
-348.19851294,0.70482500,0.21073030
-348.09851294,0.69673760,0.21091340
-347.99851295,0.68971830,0.21079130
-347.89851296,0.68453010,0.21103550
-347.79851296,0.67735830,0.21131020
-347.69851297,0.67140720,0.21109650
-347.59851297,0.66469310,0.21118810
-347.49851298,0.65843680,0.21152380
-347.39851299,0.65248570,0.21143220
-347.29851299,0.64561910,0.21167640
-347.19851300,0.63753160,0.21143220
-347.09851300,0.63173310,0.21164590
-346.99851301,0.62440870,0.21155430
-346.89851302,0.61784720,0.21185950
-346.79851302,0.61098060,0.21185950
-346.69851303,0.60563980,0.21176790
-346.59851303,0.59785760,0.21173740
-346.49851304,0.59205910,0.21185950
-346.39851305,0.58519240,0.21210360
-346.29851305,0.57817320,0.21201210
-346.19851306,0.57252720,0.21265300
-346.09851306,0.56505020,0.21198160
-345.99851307,0.55818360,0.21189000
-345.89851307,0.55207990,0.21240880
-345.79851308,0.54521320,0.21246990
-345.69851309,0.53910950,0.21259190
-345.59851309,0.53117470,0.21246990
-345.49851310,0.52583390,0.21222570
-345.39851310,0.51774650,0.21219520
-345.29851311,0.51255830,0.21268350
-345.19851312,0.50538650,0.21271400
-345.09851312,0.49989320,0.21256140
-344.99851313,0.49165320,0.21259190
-344.89851313,0.48524430,0.21243930
-344.79851314,0.47776730,0.21256140
-344.69851315,0.47151100,0.21295820
-344.59851315,0.46418650,0.21253090
-344.49851316,0.45823540,0.21274450
-344.39851316,0.45136870,0.21289710
-344.29851317,0.44450210,0.21259190
-344.19851318,0.43778800,0.21265300
-344.09851318,0.43107390,0.21283610
-343.99851319,0.42451250,0.21295820
-343.89851319,0.41825620,0.21320230
-343.79851320,0.41123690,0.21304970
-343.69851321,0.40360730,0.21326330
-343.59851321,0.39658800,0.21283610
-343.49851322,0.39139990,0.21295820
-343.39851322,0.38377030,0.21311070
-343.29851323,0.37659840,0.21274450
-343.19851324,0.37018950,0.21283610
-343.09851324,0.36332290,0.21298870
-342.99851325,0.35752430,0.21280560
-342.89851325,0.34974210,0.21298870
-342.79851326,0.34241770,0.21292760
-342.69851326,0.33677180,0.21256140
-342.59851327,0.32990510,0.21304970
-342.49851328,0.32227550,0.21311070
-342.39851328,0.31632440,0.21277510
-342.29851329,0.30854210,0.21280560
-342.19851329,0.30228590,0.21265300
-342.09851330,0.29587700,0.21314130
-341.99851331,0.28901030,0.21292760
-341.89851331,0.28138070,0.21277510
-341.79851332,0.27512440,0.21210360
-341.69851332,0.26810510,0.21271400
-341.59851333,0.26276440,0.21283610
-341.49851334,0.25437180,0.21277510
-341.39851334,0.24857330,0.21240880
-341.29851335,0.24155400,0.21292760
-341.19851335,0.23438220,0.21250040
-341.09851336,0.22843100,0.21259190
-340.99851337,0.22049620,0.21283610
-340.89851337,0.21378220,0.21240880
-340.79851338,0.20676290,0.21240880
-340.69851338,0.20050660,0.21240880
-340.59851339,0.19363990,0.21213420
-340.49851340,0.18585770,0.21222570
-340.39851340,0.18005920,0.21225620
-340.29851341,0.17426070,0.21243930
-340.19851341,0.16647850,0.21201210
-340.09851342,0.15884880,0.21228680
-339.99851343,0.15274510,0.21207310
-339.89851343,0.14664140,0.21228680
-339.79851344,0.13885920,0.21225620
-339.69851344,0.13122960,0.21167640
-339.59851345,0.12527850,0.21149330
-339.49851345,0.11780140,0.21179850
-339.39851346,0.11169770,0.21164590
-339.29851347,0.10422070,0.21167640
-339.19851347,0.09720145,0.21118810
-339.09851348,0.09094515,0.21115760
-338.99851348,0.08331553,0.21124910
-338.89851349,0.07782220,0.21173740
-338.79851350,0.06973480,0.21115760
-338.69851350,0.06256294,0.21106600
-338.59851351,0.05630665,0.21152380
-338.49851351,0.04943999,0.21131020
-338.39851352,0.04242073,0.21103550
-338.29851353,0.03662221,0.21088290
-338.19851353,0.02975555,0.21073030
-338.09851354,0.02288888,0.21060820
-337.99851354,0.01602222,0.21060820
-337.89851355,0.00793481,0.21021150
-337.79851356,0.00213630,0.21015050
-337.69851356,-0.00503555,0.21027250
-337.59851357,-0.01220740,0.21018100
-337.49851357,-0.01876888,0.21039460
-337.39851358,-0.02563555,0.21027250
-337.29851359,-0.03189184,0.20993680
-337.19851359,-0.03860591,0.21002840
-337.09851360,-0.04608295,0.20978420
-336.99851360,-0.05203406,0.20947900
-336.89851361,-0.06027406,0.20944850
-336.79851362,-0.06729332,0.20957060
-336.69851362,-0.07293924,0.20932650
-336.59851363,-0.07965331,0.20896020
-336.49851363,-0.08774071,0.20883820
-336.39851364,-0.09445479,0.20892970
-336.29851364,-0.10132150,0.20917390
-336.19851365,-0.10864590,0.20905180
-336.09851366,-0.11490220,0.20874660
-335.99851366,-0.12222660,0.20853300
-335.89851367,-0.12894070,0.20850250
-335.79851367,-0.13626510,0.20865500
-335.69851368,-0.14221630,0.20792260
-335.59851369,-0.14847250,0.20804470
-335.49851369,-0.15610220,0.20783110
-335.39851370,-0.16296880,0.20783110
-335.29851370,-0.16968290,0.20743430
-335.19851371,-0.17609180,0.20700710
-335.09851372,-0.18326360,0.20712910
-334.99851372,-0.19150360,0.20737330
-334.89851373,-0.19730220,0.20700710
-334.79851373,-0.20371100,0.20700710
-334.69851374,-0.21011990,0.20679340
-334.59851375,-0.21713920,0.20651880
-334.49851375,-0.22461620,0.20697650
-334.39851376,-0.23071990,0.20651880
-334.29851376,-0.23743400,0.20645770
-334.19851377,-0.24430070,0.20615250
-334.09851378,-0.25086220,0.20731220
-333.99851378,-0.25742360,0.20505390
-333.89851379,-0.26383250,0.20661030
-333.79851379,-0.27207250,0.20429090
-333.69851380,-0.27924440,0.20490130
-333.59851381,-0.28473770,0.20545060
-333.49851381,-0.29251990,0.20456560
-333.39851382,-0.29953920,0.20465710
-333.29851382,-0.30533770,0.20459610
-333.19851383,-0.31205180,0.20441300
-333.09851383,-0.31876580,0.20435190
-332.99851384,-0.32502210,0.20416880
-332.89851385,-0.33295690,0.20392470
-332.79851385,-0.33951840,0.20340590
-332.69851386,-0.34684290,0.20340590
-332.59851386,-0.35538800,0.20017090
-332.49851387,-0.36011840,0.20395520
-332.39851388,-0.36683250,0.20212410
-332.29851388,-0.37278360,0.20322280
-332.19851389,-0.38026060,0.20300910
-332.09851389,-0.38636430,0.20224620
-331.99851390,-0.39353620,0.20233770
-331.89851391,-0.39979250,0.20212410
-331.79851391,-0.40711690,0.20212410
-331.69851392,-0.41322060,0.20163580
-331.59851392,-0.42023990,0.20151370
-331.49851393,-0.42725910,0.20120850
-331.39851394,-0.43336280,0.20096440
-331.29851394,-0.44114510,0.20081180
-331.19851395,-0.44709620,0.20072020
-331.09851395,-0.45426800,0.20035400
-330.99851396,-0.46082950,0.20026250
-330.89851397,-0.46815390,0.20023190
-330.79851397,-0.47547840,0.19965210
-330.69851398,-0.48081910,0.19983520
-330.59851398,-0.48799100,0.19965210
-330.49851399,-0.49333170,0.19946900
-330.39851400,-0.50080870,0.19925530
-330.29851400,-0.50767540,0.19849240
-330.19851401,-0.51561020,0.19849240
-330.09851401,-0.52110360,0.19867550
-329.99851402,-0.52827540,0.19797360
-329.89851402,-0.53605760,0.19769890
-329.79851403,-0.54231390,0.19760740
-329.69851404,-0.54795990,0.19736320
-329.59851404,-0.55497910,0.19718010
-329.49851405,-0.56093020,0.19718010
-329.39851405,-0.56810210,0.19647820
-329.29851406,-0.57496870,0.19669180
-329.19851407,-0.58153020,0.19647820
-329.09851407,-0.58839680,0.19602040
-328.99851408,-0.59419540,0.19632560
-328.89851408,-0.60228280,0.19534900
-328.79851409,-0.60930200,0.19516590
-328.69851410,-0.61494800,0.19550160
-328.59851410,-0.62120430,0.19483020
-328.49851411,-0.62791830,0.19495220
-328.39851411,-0.63493760,0.19461650
-328.29851412,-0.64149900,0.19425030
-328.19851413,-0.64775540,0.19394510
-328.09851413,-0.65538500,0.19370100
-327.99851414,-0.66164130,0.19330420
-327.89851414,-0.66713460,0.19345680
-327.79851415,-0.67384870,0.19284650
-327.69851416,-0.68163090,0.19284650
-327.59851416,-0.68727680,0.19272440
-327.49851417,-0.69460130,0.19180880
-327.39851417,-0.70039980,0.19193090
-327.29851418,-0.70787680,0.19153420
-327.19851419,-0.71337010,0.19138160
-327.09851419,-0.72038940,0.19095430
-326.99851420,-0.72725610,0.19101530
-326.89851420,-0.73335980,0.19037450
-326.79851421,-0.74022640,0.19028290
-326.69851421,-0.74709310,0.19006930
-326.59851422,-0.75365460,0.18961150
-326.49851423,-0.76036860,0.18958100
-326.39851423,-0.76601460,0.18942840
-326.29851424,-0.77318640,0.18860440
-326.19851424,-0.77883240,0.18887910
-326.09851425,-0.78524120,0.18851280
-325.99851426,-0.79210790,0.18781090
-325.89851426,-0.79866940,0.18808560
-325.79851427,-0.80599390,0.18729210
-325.69851427,-0.81194500,0.18713950
-325.59851428,-0.81743830,0.18680380
-325.49851429,-0.82430490,0.18668170
-325.39851429,-0.83086640,0.18659020
-325.29851430,-0.83712270,0.18634600
-325.19851430,-0.84322640,0.18594930
-325.09851431,-0.85131380,0.18533890
-324.99851432,-0.85558640,0.18530840
-324.89851432,-0.86336860,0.18488110
-324.79851433,-0.86947230,0.18469800
-324.69851433,-0.87527080,0.18424020
-324.59851434,-0.88198490,0.18378250
-324.49851435,-0.88732560,0.18372140
-324.39851435,-0.89449750,0.18372140
-324.29851436,-0.90075380,0.18295850
-324.19851436,-0.90624710,0.18277530
-324.09851437,-0.91311380,0.18271430
-323.99851438,-0.91967530,0.18219550
-323.89851438,-0.92730490,0.18189030
-323.79851439,-0.93462940,0.18140200
-323.69851439,-0.93951230,0.18134100
-323.59851440,-0.94576860,0.18091370
-323.49851440,-0.95187230,0.18060850
-323.39851441,-0.95919670,0.18005920
-323.29851442,-0.96545300,0.17999820
-323.19851442,-0.97048860,0.17969300
-323.09851443,-0.97659230,0.17917420
-322.99851443,-0.98345900,0.17899110
-322.89851444,-0.98986790,0.17841120
-322.79851445,-0.99536120,0.17847230
-322.69851445,-1.00177000,0.17795340
-322.59851446,-1.00772100,0.17761770
-322.49851446,-1.01397800,0.17728200
-322.39851447,-1.02114900,0.17658010
-322.29851448,-1.02603200,0.17661060
-322.19851448,-1.03289900,0.17627490
-322.09851449,-1.03930800,0.17609180
-321.99851449,-1.04602200,0.17551190
-321.89851450,-1.05166800,0.17542040
-321.79851451,-1.05914500,0.17465740
-321.69851451,-1.06494300,0.17505420
-321.59851452,-1.07089400,0.17401650
-321.49851452,-1.07654000,0.17404710
-321.39851453,-1.08264400,0.17303990
-321.29851454,-1.08874800,0.17303990
-321.19851454,-1.09576700,0.17261270
-321.09851455,-1.10187100,0.17230750
-320.99851455,-1.10644900,0.17224650
-320.89851456,-1.11240000,0.17178870
-320.79851457,-1.11926600,0.17151400
-320.69851457,-1.12537000,0.17123940
-320.59851458,-1.13193200,0.17053740
-320.49851458,-1.13742500,0.17069000
-320.39851459,-1.14337600,0.16962190
-320.29851459,-1.14902200,0.16965240
-320.19851460,-1.15451500,0.16953030
-320.09851461,-1.16122900,0.16843170
-319.99851461,-1.16763800,0.16861480
-319.89851462,-1.17343700,0.16748560
-319.79851462,-1.17969300,0.16800440
-319.69851463,-1.18488100,0.16714990
-319.59851464,-1.19098500,0.16718040
-319.49851464,-1.19800400,0.16647850
-319.39851465,-1.20273400,0.16635640
-319.29851465,-1.20990600,0.16559340
-319.19851466,-1.21631500,0.16589860
-319.09851467,-1.22211400,0.16498310
-318.99851467,-1.22684400,0.16464740
-318.89851468,-1.23310000,0.16437270
-318.79851468,-1.23950900,0.16391490
-318.69851469,-1.24591800,0.16373180
-318.59851470,-1.25141100,0.16321300
-318.49851470,-1.25766800,0.16296880
-318.39851471,-1.26270300,0.16257210
-318.29851471,-1.26819700,0.16193120
-318.19851472,-1.27369000,0.16187020
-318.09851473,-1.27918300,0.16092410
-317.99851473,-1.28635500,0.16095460
-317.89851474,-1.29139100,0.16019170
-317.79851474,-1.29856300,0.16022220
-317.69851475,-1.30344600,0.15988650
-317.59851475,-1.31000700,0.15918450
-317.49851476,-1.31458500,0.15890990
-317.39851477,-1.32190900,0.15848260
-317.29851477,-1.32740300,0.15796380
-317.19851478,-1.33213300,0.15796380
-317.09851478,-1.33777900,0.15701770
-316.99851479,-1.34357700,0.15659050
-316.89851480,-1.34937600,0.15671250
-316.79851480,-1.35486900,0.15591910
-316.69851481,-1.36097300,0.15582750
-316.59851481,-1.36692400,0.15524770
-316.49851482,-1.37119700,0.15503400
-316.39851483,-1.37852100,0.15433210
-316.29851483,-1.38370900,0.15424050
-316.19851484,-1.38874500,0.15350810
-316.09851484,-1.39423800,0.15301980
-315.99851485,-1.40125700,0.15280620
-315.89851486,-1.40644600,0.15189060
-315.79851486,-1.41178600,0.15170750
-315.69851487,-1.41682200,0.15115820
-315.59851487,-1.42292500,0.15091400
-315.49851488,-1.42780900,0.15066990
-315.39851489,-1.43376000,0.15030370
-315.29851489,-1.43910000,0.15002900
-315.19851490,-1.44337300,0.14954070
-315.09851490,-1.44962900,0.14908290
-314.99851491,-1.45573300,0.14844200
-314.89851492,-1.46183700,0.14789270
-314.79851492,-1.46687200,0.14746540
-314.69851493,-1.47190800,0.14737390
-314.59851493,-1.47770600,0.14654990
-314.49851494,-1.48289400,0.14630570
-314.39851494,-1.48762500,0.14603110
-314.29851495,-1.49418600,0.14560380
-314.19851496,-1.50013700,0.14487140
-314.09851496,-1.50593600,0.14447460
-313.99851497,-1.50975100,0.14386430
-313.89851497,-1.51509100,0.14358960
-313.79851498,-1.52180600,0.14337600
-313.69851499,-1.52714600,0.14261300
-313.59851499,-1.53187700,0.14233830
-313.49851500,-1.53721700,0.14151430
-313.39851500,-1.54225300,0.14145330
-313.29851501,-1.54759400,0.14105660
-313.19851502,-1.55217100,0.14047670
-313.09851502,-1.55751200,0.14014100
-312.99851503,-1.56331100,0.13962220
-312.89851503,-1.56865100,0.13922540
-312.79851504,-1.57338200,0.13867610
-312.69851505,-1.57857000,0.13827940
-312.59851505,-1.58467400,0.13782160
-312.49851506,-1.58970900,0.13699760
-312.39851506,-1.59428700,0.13669240
-312.29851507,-1.60039100,0.13599050
-312.19851508,-1.60573100,0.13568530
-312.09851508,-1.61061400,0.13528860
-311.99851509,-1.61549700,0.13504440
-311.89851509,-1.62007500,0.13452560
-311.79851510,-1.62465300,0.13403730
-311.69851511,-1.63060400,0.13373210
-311.59851511,-1.63640200,0.13333540
-311.49851512,-1.64082800,0.13226720
-311.39851512,-1.64494800,0.13220620
-311.29851513,-1.64998300,0.13144320
-311.19851513,-1.65425600,0.13110750
-311.09851514,-1.66005400,0.13089390
-310.99851515,-1.66646300,0.12979520
-310.89851515,-1.67134600,0.12967320
-310.79851516,-1.67577100,0.12942900
-310.69851516,-1.68019700,0.12848290
-310.59851517,-1.68538500,0.12848290
-310.49851518,-1.69087800,0.12781150
-310.39851518,-1.69545600,0.12714010
-310.29851519,-1.70049100,0.12686540
-310.19851519,-1.70537400,0.12631610
-310.09851520,-1.70949400,0.12601090
-309.99851521,-1.71483500,0.12537000
-309.89851521,-1.71941300,0.12497330
-309.79851522,-1.72490600,0.12469860
-309.69851522,-1.72948400,0.12387460
-309.59851523,-1.73345100,0.12387460
-309.49851524,-1.73863900,0.12308110
-309.39851524,-1.74382800,0.12225720
-309.29851525,-1.74718500,0.12216560
-309.19851525,-1.75298300,0.12158570
-309.09851526,-1.75847600,0.12054810
-308.99851527,-1.76290200,0.12039550
-308.89851527,-1.76717400,0.11990720
-308.79851528,-1.77205700,0.11944940
-308.69851528,-1.77648200,0.11880860
-308.59851529,-1.78029700,0.11871700
-308.49851530,-1.78624800,0.11780140
-308.39851530,-1.79006300,0.11749630
-308.29851531,-1.79525100,0.11713000
-308.19851531,-1.80074500,0.11618400
-308.09851532,-1.80410200,0.11578720
-307.99851532,-1.80852700,0.11554310
-307.89851533,-1.81295200,0.11502430
-307.79851534,-1.81768200,0.11423080
-307.69851534,-1.82287100,0.11389510
-307.59851535,-1.82744800,0.11352890
-307.49851535,-1.83111100,0.11301000
-307.39851536,-1.83629900,0.11224710
-307.29851537,-1.84087600,0.11133150
-307.19851537,-1.84545400,0.11175880
-307.09851538,-1.84988000,0.10974460
-306.99851538,-1.85461000,0.11032440
-306.89851539,-1.85903500,0.11069060
-306.79851540,-1.86285000,0.10873740
-306.69851540,-1.86742800,0.10876800
-306.59851541,-1.87063200,0.10843230
-306.49851541,-1.87582000,0.10757770
-306.39851542,-1.88070300,0.10702840
-306.29851543,-1.88406000,0.10718100
-306.19851543,-1.88833300,0.10626540
-306.09851544,-1.89275800,0.10550250
-305.99851544,-1.89855600,0.10495320
-305.89851545,-1.90191400,0.10477000
-305.79851546,-1.90572800,0.10400710
-305.69851546,-1.91106900,0.10034490
-305.59851547,-1.91442600,0.10419020
-305.49851547,-1.91915600,0.10180970
-305.39851548,-1.92251300,0.10232860
-305.29851549,-1.92739600,0.10202340
-305.19851549,-1.93243200,0.10058900
-305.09851550,-1.93578900,0.10013120
-304.99851550,-1.93975700,0.09976501
-304.89851551,-1.94341900,0.09945982
-304.79851551,-1.94830200,0.09872738
-304.69851552,-1.95135400,0.09787286
-304.59851553,-1.95532100,0.09753716
-304.49851553,-1.95959400,0.09692679
-304.39851554,-1.96462900,0.09665212
-304.29851554,-1.96768100,0.09622486
-304.19851555,-1.97119100,0.09555345
-304.09851556,-1.97576800,0.09506515
-303.99851556,-1.97973600,0.09472945
-303.89851557,-1.98400800,0.09408856
-303.79851557,-1.98706000,0.09332560
-303.69851558,-1.99087500,0.09292886
-303.59851559,-1.99530000,0.09201331
-303.49851559,-1.99881000,0.09164708
-303.39851560,-2.00369300,0.09109775
-303.29851560,-2.00766000,0.09036531
-303.19851561,-2.01055900,0.09018219
-303.09851562,-2.01544200,0.08963286
-302.99851562,-2.01773100,0.08905301
-302.89851563,-2.02185100,0.08856472
-302.79851563,-2.02658200,0.08789331
-302.69851564,-2.02932800,0.08752708
-302.59851565,-2.03528000,0.08706931
-302.49851565,-2.03711100,0.08615375
-302.39851566,-2.04046800,0.08548234
-302.29851566,-2.04535100,0.08502457
-302.19851567,-2.04886000,0.08435316
-302.09851568,-2.05206500,0.08404797
-301.99851568,-2.05587900,0.08340709
-301.89851569,-2.05938900,0.08270516
-301.79851569,-2.06213600,0.08276620
-301.69851570,-2.06671400,0.08203375
-301.59851570,-2.06976500,0.08148442
-301.49851571,-2.07358000,0.08069094
-301.39851572,-2.07739500,0.08047731
-301.29851572,-2.08090400,0.07971434
-301.19851573,-2.08471900,0.07885983
-301.09851573,-2.08822900,0.07827998
-300.99851574,-2.09265400,0.07760857
-300.89851575,-2.09555300,0.07721183
-300.79851575,-2.09936800,0.07647938
-300.69851576,-2.10226800,0.07605213
-300.59851576,-2.10440400,0.07568590
-300.49851577,-2.10821900,0.07489242
-300.39851578,-2.11172800,0.07458724
-300.29851578,-2.11478000,0.07419050
-300.19851579,-2.11935800,0.07318339
-300.09851579,-2.12256200,0.07272561
-299.99851580,-2.12576700,0.07232887
-299.89851581,-2.12836100,0.07162694
-299.79851581,-2.13217600,0.07123020
-299.69851582,-2.13568500,0.07040620
-299.59851582,-2.13873700,0.07019258
-299.49851583,-2.14209400,0.06933805
-299.39851584,-2.14545100,0.06857509
-299.29851584,-2.14865600,0.06820887
-299.19851585,-2.15094400,0.06735435
-299.09851585,-2.15491200,0.06711020
-298.99851586,-2.15750600,0.06668294
-298.89851587,-2.16177900,0.06582843
-298.79851587,-2.16406800,0.06534013
-298.69851588,-2.16727200,0.06512650
-298.59851588,-2.16956100,0.06411939
-298.49851589,-2.17276500,0.06390576
-298.39851589,-2.17688500,0.06277657
-298.29851590,-2.17963200,0.06210517
-298.19851591,-2.18298900,0.06179998
-298.09851591,-2.18543100,0.06118961
-297.99851592,-2.18817700,0.06064028
-297.89851592,-2.19138100,0.06036561
-297.79851593,-2.19443300,0.05948057
-297.69851594,-2.19702700,0.05908383
-297.59851594,-2.20007900,0.05862606
-297.49851595,-2.20297900,0.05792413
-297.39851595,-2.20587800,0.05728324
-297.29851596,-2.20831900,0.05673391
-297.19851597,-2.21213400,0.05581835
-297.09851597,-2.21442300,0.05533006
-296.99851598,-2.21762800,0.05456709
-296.89851598,-2.21991600,0.05398724
-296.79851599,-2.22266300,0.05380413
-296.69851600,-2.22510500,0.05325480
-296.59851600,-2.22861400,0.05243080
-296.49851601,-2.23120800,0.05169836
-296.39851601,-2.23319200,0.05172887
-296.29851602,-2.23593900,0.05099643
-296.19851603,-2.23822700,0.05047762
-296.09851603,-2.24189000,0.04959258
-295.99851604,-2.24311000,0.04892117
-295.89851604,-2.24738300,0.04864650
-295.79851605,-2.24936700,0.04818873
-295.69851606,-2.25226600,0.04718161
-295.59851606,-2.25516500,0.04666280
-295.49851607,-2.25730200,0.04608295
-295.39851607,-2.25943800,0.04519791
-295.29851608,-2.26126900,0.04483169
-295.19851608,-2.26432100,0.04425184
-295.09851609,-2.26676200,0.04367199
-294.99851610,-2.26935600,0.04333628
-294.89851610,-2.27179800,0.04242073
-294.79851611,-2.27439200,0.04196295
-294.69851611,-2.27729100,0.04138310
-294.59851612,-2.27897000,0.04071169
-294.49851613,-2.28110600,0.04034547
-294.39851613,-2.28339500,0.03961302
-294.29851614,-2.28553100,0.03894162
-294.19851614,-2.28888800,0.03820917
-294.09851615,-2.29102400,0.03787347
-293.99851616,-2.29178700,0.03732414
-293.89851616,-2.29529700,0.03656118
-293.79851617,-2.29667000,0.03598132
-293.69851617,-2.30063800,0.03555406
-293.59851618,-2.30170600,0.03500473
-293.49851619,-2.30445300,0.03427229
-293.39851619,-2.30597900,0.03384503
-293.29851620,-2.30765700,0.03323466
-293.19851620,-2.30979300,0.03228858
-293.09851621,-2.31254000,0.03207495
-292.99851622,-2.31360800,0.03140355
-292.89851622,-2.31635500,0.03054903
-292.79851623,-2.31925400,0.03024384
-292.69851623,-2.32078000,0.02941984
-292.59851624,-2.32291600,0.02902310
-292.49851625,-2.32474800,0.02819910
-292.39851625,-2.32703600,0.02768029
-292.29851626,-2.32856200,0.02700888
-292.19851626,-2.33039300,0.02642903
-292.09851627,-2.33237700,0.02584918
-291.99851627,-2.33451300,0.02517777
-291.89851628,-2.33680200,0.02468947
-291.79851629,-2.33863300,0.02362133
-291.69851629,-2.33970100,0.02346873
-291.59851630,-2.34122800,0.02304148
-291.49851630,-2.34397400,0.02237007
-291.39851631,-2.34473700,0.02145451
-291.29851632,-2.34626300,0.02090518
-291.19851632,-2.34901000,0.02044740
-291.09851633,-2.35038300,0.02008118
-290.99851633,-2.35267200,0.01907407
-290.89851634,-2.35465600,0.01849422
-290.79851635,-2.35663900,0.01815851
-290.69851635,-2.35786000,0.01770074
-290.59851636,-2.35923300,0.01681570
-290.49851636,-2.36121700,0.01614429
-290.39851637,-2.36167500,0.01574755
-290.29851638,-2.36304800,0.01528977
-290.19851638,-2.36472700,0.01440474
-290.09851639,-2.36655800,0.01373333
-289.99851639,-2.36838900,0.01318400
-289.89851640,-2.36869400,0.01260414
-289.79851641,-2.37144100,0.01193274
-289.69851641,-2.37357700,0.01174963
-289.59851642,-2.37418700,0.01007111
-289.49851642,-2.37525600,0.00994903
-289.39851643,-2.37662900,0.00991852
-289.29851644,-2.37815500,0.00845363
-289.19851644,-2.37952800,0.00878933
-289.09851645,-2.38120700,0.00775170
-288.99851645,-2.38151200,0.00729392
-288.89851646,-2.38288500,0.00714133
-288.79851646,-2.38547900,0.00570696
-288.69851647,-2.38547900,0.00573748
-288.59851648,-2.38837900,0.00457778
-288.49851648,-2.38914200,0.00424207
-288.39851649,-2.38975200,0.00372326
-288.29851649,-2.39143000,0.00283822
-288.19851650,-2.39234600,0.00216681
-288.09851651,-2.39402400,0.00177007
-287.99851651,-2.39463500,0.00134281
-287.89851652,-2.39585600,0.00036622
-287.79851652,-2.39661900,-0.00033570
-287.69851653,-2.39783900,-0.00064089
-287.59851654,-2.39967000,-0.00103763
-287.49851654,-2.40043300,-0.00219733
-287.39851655,-2.40043300,-0.00247200
-287.29851655,-2.40241700,-0.00354015
-287.19851656,-2.40318000,-0.00369274
-287.09851657,-2.40302800,-0.00427259
-286.99851657,-2.40409600,-0.00482192
-286.89851658,-2.40562200,-0.00567644
-286.79851658,-2.40684200,-0.00610370
-286.69851659,-2.40745300,-0.00686667
-286.59851660,-2.40943600,-0.00726341
-286.49851660,-2.41004700,-0.00784326
-286.39851661,-2.41019900,-0.00863674
-286.29851661,-2.41050500,-0.00924711
-286.19851662,-2.41172500,-0.00991852
-286.09851663,-2.41279300,-0.01052889
-285.99851663,-2.41370900,-0.01086459
-285.89851664,-2.41309900,-0.01150548
-285.79851664,-2.41416700,-0.01220740
-285.69851665,-2.41660800,-0.01287881
-285.59851665,-2.41660800,-0.01333659
-285.49851666,-2.41798100,-0.01397748
-285.39851667,-2.41706600,-0.01434370
-285.29851667,-2.41874500,-0.01525925
-285.19851668,-2.41828700,-0.01608326
-285.09851668,-2.41813400,-0.01629688
-284.99851669,-2.41981300,-0.01724296
-284.89851670,-2.42072800,-0.01733451
-284.79851670,-2.42088100,-0.01831111
-284.69851671,-2.42088100,-0.01864681
-284.59851671,-2.42240700,-0.01953185
-284.49851672,-2.42240700,-0.01983703
-284.39851673,-2.42240700,-0.02050844
-284.29851673,-2.42271200,-0.02133244
-284.19851674,-2.42378000,-0.02175970
-284.09851674,-2.42362700,-0.02224799
-283.99851675,-2.42362700,-0.02316355
-283.89851676,-2.42317000,-0.02352977
-283.79851676,-2.42408500,-0.02426222
-283.69851677,-2.42515300,-0.02478103
-283.59851677,-2.42591600,-0.02557451
-283.49851678,-2.42454300,-0.02621540
-283.39851679,-2.42606900,-0.02661214
-283.29851679,-2.42606900,-0.02713095
-283.19851680,-2.42591600,-0.02752770
-283.09851680,-2.42622200,-0.02841273
-282.99851681,-2.42591600,-0.02914518
-282.89851682,-2.42545800,-0.02938933
-282.79851682,-2.42698500,-0.03039644
-282.69851683,-2.42729000,-0.03054903
-282.59851683,-2.42698500,-0.03140355
-282.49851684,-2.42744200,-0.03241066
-282.39851684,-2.42667900,-0.03241066
-282.29851685,-2.42759500,-0.03332621
-282.19851686,-2.42652700,-0.03393658
-282.09851686,-2.42713700,-0.03442488
-281.99851687,-2.42667900,-0.03314310
-281.89851687,-2.42729000,-0.03607288
-281.79851688,-2.42606900,-0.03628651
-281.69851689,-2.42759500,-0.03741569
-281.59851689,-2.42667900,-0.03689688
-281.49851690,-2.42698500,-0.03802606
-281.39851690,-2.42729000,-0.03875851
-281.29851691,-2.42667900,-0.03897214
-281.19851692,-2.42637400,-0.03982665
-281.09851692,-2.42591600,-0.04028443
-280.99851693,-2.42454300,-0.04095584
-280.89851693,-2.42591600,-0.04159673
-280.79851694,-2.42530600,-0.04229865
-280.69851695,-2.42515300,-0.04266488
-280.59851695,-2.42500100,-0.04345836
-280.49851696,-2.42271200,-0.04083376
-280.39851696,-2.42317000,-0.04351939
-280.29851697,-2.42378000,-0.04495376
-280.19851698,-2.42362700,-0.04580828
-280.09851698,-2.42408500,-0.04657125
-279.99851699,-2.42240700,-0.04651021
-279.89851699,-2.42194900,-0.04788354
-279.79851700,-2.42271200,-0.04843288
-279.69851701,-2.42118600,-0.04834132
-279.59851701,-2.42103300,-0.04965362
-279.49851702,-2.42042300,-0.04986724
-279.39851702,-2.42011800,-0.05053865
-279.29851703,-2.41859200,-0.05105747
-279.19851703,-2.41798100,-0.05127110
-279.09851704,-2.41828700,-0.05206458
-278.99851705,-2.41798100,-0.05267495
-278.89851705,-2.41706600,-0.05334635
-278.79851706,-2.41569300,-0.05377361
-278.69851706,-2.41584500,-0.05447554
-278.59851707,-2.41493000,-0.05487228
-278.49851708,-2.41477700,-0.05575732
-278.39851708,-2.41416700,-0.05655080
-278.29851709,-2.41279300,-0.05691702
-278.19851709,-2.41187800,-0.05767998
-278.09851710,-2.41081000,-0.05813776
-277.99851711,-2.41004700,-0.05844295
-277.89851711,-2.40974100,-0.05893124
-277.79851712,-2.40806300,-0.05978576
-277.69851712,-2.40684200,-0.06012146
-277.59851713,-2.40791000,-0.06109805
-277.49851714,-2.40607900,-0.06167791
-277.39851714,-2.40562200,-0.06207465
-277.29851715,-2.40394300,-0.06274606
-277.19851715,-2.40241700,-0.06357005
-277.09851716,-2.40165400,-0.06372265
-276.99851717,-2.40028100,-0.06448561
-276.89851717,-2.40012800,-0.06506546
-276.79851718,-2.39890700,-0.06555375
-276.69851718,-2.39768700,-0.06591998
-276.59851719,-2.39600800,-0.06662191
-276.49851720,-2.39631300,-0.06772057
-276.39851720,-2.39570300,-0.06778161
-276.29851721,-2.39433000,-0.06839198
-276.19851721,-2.39204100,-0.06891079
-276.09851722,-2.39112500,-0.06958220
-275.99851722,-2.39173600,-0.07040620
-275.89851723,-2.38807300,-0.07074191
-275.79851724,-2.38731100,-0.07144383
-275.69851724,-2.38670000,-0.07138279
-275.59851725,-2.38486900,-0.07281716
-275.49851725,-2.38334300,-0.07251198
-275.39851726,-2.38258000,-0.07324442
-275.29851727,-2.38044400,-0.07422101
-275.19851727,-2.38059600,-0.07446516
-275.09851728,-2.37800200,-0.07510605
-274.99851728,-2.37662900,-0.07589953
-274.89851729,-2.37662900,-0.07617420
-274.79851730,-2.37434000,-0.07696768
-274.69851730,-2.37342500,-0.07812738
-274.59851731,-2.37235600,-0.07812738
-274.49851731,-2.37006700,-0.07876828
-274.39851732,-2.36915200,-0.07947020
-274.29851733,-2.36732100,-0.07950072
-274.19851733,-2.36610000,-0.08044679
-274.09851734,-2.36426900,-0.08084353
-273.99851734,-2.36381100,-0.08145390
-273.89851735,-2.36075900,-0.08206427
-273.79851736,-2.35953900,-0.08236945
-273.69851736,-2.35786000,-0.08297983
-273.59851737,-2.35663900,-0.08392590
-273.49851737,-2.35480800,-0.08447523
-273.39851738,-2.35328200,-0.08447523
-273.29851739,-2.35251900,-0.08563494
-273.19851739,-2.34946800,-0.08606219
-273.09851740,-2.34702600,-0.08630635
-272.99851740,-2.34626300,-0.08761864
-272.89851741,-2.34473700,-0.08774071
-272.79851741,-2.34290600,-0.08816797
-272.69851742,-2.34107500,-0.08862575
-272.59851743,-2.33909100,-0.08908353
-272.49851743,-2.33695500,-0.08987701
-272.39851744,-2.33588700,-0.09076205
-272.29851744,-2.33207200,-0.09085360
-272.19851745,-2.33161400,-0.09115878
-272.09851746,-2.32947800,-0.09179968
-271.99851746,-2.32902000,-0.09250160
-271.89851747,-2.32703600,-0.09323405
-271.79851747,-2.32444200,-0.09366131
-271.69851748,-2.32184800,-0.09405804
-271.59851749,-2.32047500,-0.09482101
-271.49851749,-2.31727100,-0.09509568
-271.39851750,-2.31635500,-0.09546190
-271.29851750,-2.31376100,-0.09631641
-271.19851751,-2.31254000,-0.09689627
-271.09851752,-2.30994600,-0.09738456
-270.99851752,-2.30719900,-0.09787286
-270.89851753,-2.30445300,-0.09848323
-270.79851753,-2.30262200,-0.09887997
-270.69851754,-2.30079000,-0.09970397
-270.59851755,-2.29834900,-0.10043640
-270.49851755,-2.29575500,-0.10037540
-270.39851756,-2.29377100,-0.10101630
-270.29851756,-2.29194000,-0.10174870
-270.19851757,-2.29010900,-0.10235910
-270.09851757,-2.28690500,-0.10260320
-269.99851758,-2.28492100,-0.10324410
-269.89851759,-2.28293700,-0.10351880
-269.79851759,-2.27988500,-0.10431230
-269.69851760,-2.27820700,-0.10498370
-269.59851760,-2.27622300,-0.10565510
-269.49851761,-2.27210300,-0.10614340
-269.39851762,-2.27088200,-0.10654010
-269.29851762,-2.26889800,-0.10708950
-269.19851763,-2.26599900,-0.10763880
-269.09851763,-2.26294800,-0.10812710
-268.99851764,-2.26111600,-0.10849330
-268.89851765,-2.25882700,-0.10922570
-268.79851765,-2.25608100,-0.10989720
-268.69851766,-2.25394400,-0.11014130
-268.59851766,-2.25013000,-0.11090430
-268.49851767,-2.24753600,-0.11114840
-268.39851768,-2.24539900,-0.11163670
-268.29851768,-2.24402600,-0.11233860
-268.19851769,-2.24097400,-0.11264380
-268.09851769,-2.23685400,-0.11322370
-267.99851770,-2.23502300,-0.11395610
-267.89851771,-2.23227600,-0.11432230
-267.79851771,-2.23014000,-0.11496320
-267.69851772,-2.22678300,-0.11523790
-267.59851772,-2.22418900,-0.11575670
-267.49851773,-2.22098400,-0.11651970
-267.39851774,-2.21884800,-0.11691640
-267.29851774,-2.21655900,-0.11749630
-267.19851775,-2.21320200,-0.11777090
-267.09851775,-2.21060800,-0.11871700
-266.99851776,-2.20740400,-0.11880860
-266.89851776,-2.20557300,-0.11944940
-266.79851777,-2.20130000,-0.11972410
-266.69851778,-2.19885800,-0.12030400
-266.59851778,-2.19626500,-0.12121950
-266.49851779,-2.19336500,-0.12121950
-266.39851779,-2.18939800,-0.12161630
-266.29851780,-2.18695600,-0.12207400
-266.19851781,-2.18390500,-0.12286750
-266.09851781,-2.18039500,-0.12344740
-265.99851782,-2.17795300,-0.12399670
-265.89851782,-2.17520700,-0.12430190
-265.79851783,-2.17185000,-0.12482070
-265.69851784,-2.16925600,-0.12558370
-265.59851784,-2.16635600,-0.12576680
-265.49851785,-2.16208400,-0.12640770
-265.39851785,-2.15872700,-0.12656030
-265.29851786,-2.15674300,-0.12738430
-265.19851787,-2.15353900,-0.12790310
-265.09851787,-2.15018200,-0.12836090
-264.99851788,-2.14758800,-0.12857450
-264.89851788,-2.14407800,-0.12942900
-264.79851789,-2.14026300,-0.12982570
-264.69851790,-2.13782200,-0.13034460
-264.59851790,-2.13400700,-0.13077180
-264.49851791,-2.13034500,-0.13092440
-264.39851791,-2.12820800,-0.13147370
-264.29851792,-2.12378300,-0.13196200
-264.19851793,-2.12042600,-0.13269450
-264.09851793,-2.11798500,-0.13318280
-263.99851794,-2.11417000,-0.13364060
-263.89851794,-2.11050700,-0.13431200
-263.79851795,-2.10837100,-0.13446450
-263.69851795,-2.10394600,-0.13498340
-263.59851796,-2.10135200,-0.13522750
-263.49851797,-2.09646900,-0.13586840
-263.39851797,-2.09387500,-0.13657030
-263.29851798,-2.09021300,-0.13681450
-263.19851798,-2.08746600,-0.13748590
-263.09851799,-2.08304100,-0.13769950
-262.99851800,-2.07953100,-0.13824880
-262.89851800,-2.07586900,-0.13864560
-262.79851801,-2.07251200,-0.13937800
-262.69851801,-2.06930800,-0.13950010
-262.59851802,-2.06549300,-0.13995790
-262.49851803,-2.06106800,-0.14053770
-262.39851803,-2.05740500,-0.14090400
-262.29851804,-2.05465900,-0.14157540
-262.19851804,-2.05069100,-0.14197210
-262.09851805,-2.04596100,-0.14215520
-261.99851806,-2.04275600,-0.14279610
-261.89851806,-2.03985700,-0.14307080
-261.79851807,-2.03451600,-0.14383370
-261.69851807,-2.03253300,-0.14444410
-261.59851808,-2.02932800,-0.14459670
-261.49851809,-2.02459800,-0.14499340
-261.39851809,-2.02139400,-0.14560380
-261.29851810,-2.01727300,-0.14600050
-261.19851810,-2.01300100,-0.14633630
-261.09851811,-2.01040700,-0.14706870
-260.99851812,-2.00659200,-0.14712970
-260.89851812,-2.00155600,-0.14783170
-260.79851813,-1.99881000,-0.14819790
-260.69851813,-1.99499500,-0.14841150
-260.59851814,-1.98995900,-0.14911340
-260.49851814,-1.98461900,-0.14938810
-260.39851815,-1.98095600,-0.14984590
-260.29851816,-1.97759900,-0.15033420
-260.19851816,-1.97317400,-0.15097510
-260.09851817,-1.96997000,-0.15134130
-259.99851817,-1.96523900,-0.15176860
-259.89851818,-1.96188200,-0.15216530
-259.79851819,-1.95806800,-0.15237890
-259.69851819,-1.95364200,-0.15305030
-259.59851820,-1.95013300,-0.15350810
-259.49851820,-1.94555500,-0.15353860
-259.39851821,-1.94082500,-0.15384380
-259.29851822,-1.93670500,-0.15518660
-259.19851822,-1.93319500,-0.15451520
-259.09851823,-1.92907500,-0.15579700
-258.99851823,-1.92480200,-0.15591910
-258.89851824,-1.92068200,-0.15591910
-258.79851825,-1.91610500,-0.15695670
-258.69851825,-1.91213700,-0.15704830
-258.59851826,-1.90740700,-0.15738390
-258.49851826,-1.90374500,-0.15784170
-258.39851827,-1.89993000,-0.15829950
-258.29851828,-1.89581000,-0.15906250
-258.19851828,-1.89092700,-0.15924560
-258.09851829,-1.88680700,-0.15961180
-257.99851829,-1.88238200,-0.15988650
-257.89851830,-1.87780400,-0.15988650
-257.79851831,-1.87459900,-0.16107670
-257.69851831,-1.86956400,-0.16095460
-257.59851832,-1.86544400,-0.16168710
-257.49851832,-1.86071300,-0.16211430
-257.39851833,-1.85644100,-0.16238900
-257.29851833,-1.85247300,-0.16293830
-257.19851834,-1.84606500,-0.16315190
-257.09851835,-1.84362300,-0.16327400
-256.99851835,-1.83889300,-0.16394540
-256.89851836,-1.83370500,-0.16376230
-256.79851836,-1.82912700,-0.16470840
-256.69851837,-1.82454900,-0.16498310
-256.59851838,-1.81951400,-0.16519670
-256.49851838,-1.81554600,-0.16632590
-256.39851839,-1.81142600,-0.16657000
-256.29851839,-1.80730600,-0.16647850
-256.19851840,-1.80196500,-0.16711940
-256.09851841,-1.79647200,-0.16727200
-255.99851841,-1.79189400,-0.16788230
-255.89851842,-1.78685900,-0.16815700
-255.79851842,-1.78350200,-0.16861480
-255.69851843,-1.77953400,-0.16898100
-255.59851844,-1.77266800,-0.16986600
-255.49851844,-1.76870000,-0.16834010
-255.39851845,-1.76412200,-0.17069000
-255.29851845,-1.76000200,-0.17075110
-255.19851846,-1.75435700,-0.17001860
-255.09851847,-1.75099900,-0.17130040
-254.99851847,-1.74550600,-0.17163610
-254.89851848,-1.74062300,-0.17197180
-254.79851848,-1.73589300,-0.17227700
-254.69851849,-1.73207800,-0.17270420
-254.59851850,-1.72582200,-0.17279580
-254.49851850,-1.72078600,-0.17349770
-254.39851851,-1.71758200,-0.17355880
-254.29851851,-1.71178300,-0.17392500
-254.19851852,-1.70781600,-0.17490160
-254.09851852,-1.70308500,-0.17557300
-253.99851853,-1.69820200,-0.17587820
-253.89851854,-1.69209900,-0.17487110
-253.79851854,-1.68736800,-0.17532880
-253.69851855,-1.68294300,-0.17679370
-253.59851855,-1.67790800,-0.17630540
-253.49851856,-1.67241400,-0.17645800
-253.39851857,-1.66768400,-0.17703790
-253.29851857,-1.66310600,-0.17764820
-253.19851858,-1.65776500,-0.17786190
-253.09851858,-1.65257700,-0.17825860
-252.99851859,-1.64738900,-0.17847230
-252.89851860,-1.64159100,-0.17914370
-252.79851860,-1.63686000,-0.17938780
-252.69851861,-1.63258800,-0.17975400
-252.59851861,-1.62755200,-0.17966250
-252.49851862,-1.62160100,-0.18012020
-252.39851863,-1.61778600,-0.18100530
-252.29851863,-1.61244500,-0.18091370
-252.19851864,-1.60771500,-0.18127990
-252.09851864,-1.60115400,-0.18140200
-251.99851865,-1.59718600,-0.18179880
-251.89851866,-1.59108200,-0.18207340
-251.79851866,-1.58604700,-0.18240910
-251.69851867,-1.58192700,-0.18274480
-251.59851867,-1.57551800,-0.18314160
-251.49851868,-1.57063500,-0.18344680
-251.39851869,-1.56514200,-0.18338570
-251.29851869,-1.56056400,-0.18411820
-251.19851870,-1.55354500,-0.18424020
-251.09851870,-1.54896700,-0.18485060
-250.99851871,-1.54454200,-0.18497270
-250.89851871,-1.53874300,-0.18561360
-250.79851872,-1.53386000,-0.18539990
-250.69851873,-1.52943500,-0.18613240
-250.59851873,-1.52302600,-0.18622390
-250.49851874,-1.51692200,-0.18698690
-250.39851874,-1.51249700,-0.18662070
-250.29851875,-1.50715700,-0.18701740
-250.19851876,-1.50044300,-0.18750570
-250.09851876,-1.49601700,-0.18753620
-249.99851877,-1.49098200,-0.18802450
-249.89851877,-1.48670900,-0.18829920
-249.79851878,-1.48060500,-0.18863490
-249.69851879,-1.47373900,-0.18887910
-249.59851879,-1.46885600,-0.18927580
-249.49851880,-1.46351500,-0.18961150
-249.39851880,-1.45786900,-0.18955050
-249.29851881,-1.45252800,-0.18973360
-249.19851882,-1.44642500,-0.19006930
-249.09851882,-1.44032100,-0.19025240
-248.99851883,-1.43574300,-0.19077120
-248.89851883,-1.43055500,-0.19159520
-248.79851884,-1.42490900,-0.19156470
-248.69851885,-1.41895800,-0.19162570
-248.59851885,-1.41361700,-0.19196140
-248.49851886,-1.40873400,-0.19217510
-248.39851886,-1.40263100,-0.19266340
-248.29851887,-1.39652700,-0.19266340
-248.19851888,-1.39118600,-0.19302960
-248.09851888,-1.38599800,-0.19302960
-247.99851889,-1.37974200,-0.19351790
-247.89851889,-1.37562200,-0.19376200
-247.79851890,-1.36890800,-0.19403670
-247.69851890,-1.36356700,-0.19449450
-247.59851891,-1.35853100,-0.19443340
-247.49851892,-1.35212300,-0.19489120
-247.39851892,-1.34724000,-0.19534900
-247.29851893,-1.34037300,-0.19553210
-247.19851893,-1.33472700,-0.19553210
-247.09851894,-1.32953900,-0.19574570
-246.99851895,-1.32404600,-0.19623400
-246.89851895,-1.31809400,-0.19635610
-246.79851896,-1.31168600,-0.19656970
-246.69851896,-1.30665000,-0.19678330
-246.59851897,-1.29993600,-0.19702750
-246.49851898,-1.29444300,-0.19751580
-246.39851898,-1.28925400,-0.19748530
-246.29851899,-1.28315100,-0.19797360
-246.19851899,-1.27658900,-0.19827880
-246.09851900,-1.27185900,-0.19815670
-245.99851901,-1.26499200,-0.19846190
-245.89851901,-1.25965100,-0.19867550
-245.79851902,-1.25400600,-0.19904170
-245.69851902,-1.24820700,-0.19913330
-245.59851903,-1.24210300,-0.19928590
-245.49851904,-1.23661000,-0.19956050
-245.39851904,-1.22989600,-0.19992670
-245.29851905,-1.22425000,-0.20014040
-245.19851905,-1.21952000,-0.20044560
-245.09851906,-1.21204300,-0.20053710
-244.99851907,-1.20578600,-0.20084230
-244.89851907,-1.20059800,-0.20099490
-244.79851908,-1.19464700,-0.20157480
-244.69851908,-1.18747500,-0.20133060
-244.59851909,-1.18228700,-0.20172730
-244.49851909,-1.17603100,-0.20154420
-244.39851910,-1.17084300,-0.20200200
-244.29851911,-1.16428100,-0.20227670
-244.19851911,-1.15772000,-0.20230720
-244.09851912,-1.15314200,-0.20245980
-243.99851912,-1.14658000,-0.20303960
-243.89851913,-1.14001900,-0.20285650
-243.79851914,-1.13391500,-0.20316170
-243.69851914,-1.12674300,-0.20361950
-243.59851915,-1.12125000,-0.20371100
-243.49851915,-1.11545200,-0.20392470
-243.39851916,-1.10904300,-0.20401620
-243.29851917,-1.10217600,-0.20401620
-243.19851917,-1.09622500,-0.20438250
-243.09851918,-1.09073200,-0.20447400
-242.99851918,-1.08508600,-0.20468760
-242.89851919,-1.07928700,-0.20493180
-242.79851920,-1.07211500,-0.20496230
-242.69851920,-1.06585900,-0.20511490
-242.59851921,-1.06051800,-0.20557270
-242.49851921,-1.05441500,-0.20596940
-242.39851922,-1.04846300,-0.20566420
-242.29851923,-1.04281700,-0.20599990
-242.19851923,-1.03701900,-0.20612200
-242.09851924,-1.03015200,-0.20633560
-241.99851924,-1.02374300,-0.20657980
-241.89851925,-1.01764000,-0.20657980
-241.79851926,-1.01062000,-0.20667130
-241.69851926,-1.00512700,-0.20688500
-241.59851927,-0.99826040,-0.20719020
-241.49851927,-0.99246190,-0.20737330
-241.39851928,-0.98513750,-0.20758690
-241.29851928,-0.97994940,-0.20761740
-241.19851929,-0.97293010,-0.20758690
-241.09851930,-0.96667380,-0.20825830
-240.99851930,-0.96102790,-0.20798360
-240.89851931,-0.95370340,-0.20825830
-240.79851931,-0.94790490,-0.20795310
-240.69851932,-0.94119080,-0.20883820
-240.59851933,-0.93539230,-0.20841090
-240.49851933,-0.92867820,-0.20905180
-240.39851934,-0.92287970,-0.20908230
-240.29851934,-0.91601310,-0.20886870
-240.19851935,-0.90929900,-0.20899080
-240.09851936,-0.90426340,-0.20935700
-239.99851936,-0.89739670,-0.20960110
-239.89851937,-0.89083530,-0.20950960
-239.79851937,-0.88396870,-0.20975370
-239.69851938,-0.87847530,-0.20978420
-239.59851939,-0.87237160,-0.21011990
-239.49851939,-0.86458940,-0.21015050
-239.39851940,-0.85833310,-0.20984530
-239.29851940,-0.85238190,-0.21060820
-239.19851941,-0.84490500,-0.21054720
-239.09851942,-0.83819090,-0.21076080
-238.99851942,-0.83285010,-0.21054720
-238.89851943,-0.82613610,-0.21085240
-238.79851943,-0.82049010,-0.21066930
-238.69851944,-0.81438640,-0.21140170
-238.59851945,-0.80660420,-0.21109650
-238.49851945,-0.80126350,-0.21109650
-238.39851946,-0.79439680,-0.21176790
-238.29851946,-0.78737750,-0.21131020
-238.19851947,-0.78112130,-0.21164590
-238.09851947,-0.77532270,-0.21158480
-237.99851948,-0.76815090,-0.21158480
-237.89851949,-0.76174200,-0.21216470
-237.79851949,-0.75502790,-0.21216470
-237.69851950,-0.74861900,-0.21201210
-237.59851950,-0.74282050,-0.21207310
-237.49851951,-0.73610650,-0.21222570
-237.39851952,-0.73015530,-0.21253090
-237.29851952,-0.72237310,-0.21274450
-237.19851953,-0.71657460,-0.21271400
-237.09851953,-0.70940270,-0.21250040
-236.99851954,-0.70253610,-0.21271400
-236.89851955,-0.69704280,-0.21295820
-236.79851955,-0.68987090,-0.21283610
-236.69851956,-0.68391980,-0.21301920
-236.59851956,-0.67644270,-0.21308020
-236.49851957,-0.67079680,-0.21347700
-236.39851958,-0.66377760,-0.21314130
-236.29851958,-0.65660570,-0.21301920
-236.19851959,-0.65050200,-0.21320230
-236.09851959,-0.64394060,-0.21344650
-235.99851960,-0.63753160,-0.21375160
-235.89851961,-0.63005470,-0.21362960
-235.79851961,-0.62379830,-0.21341590
-235.69851962,-0.61738940,-0.21353800
-235.59851962,-0.61082800,-0.21396530
-235.49851963,-0.60457170,-0.21384320
-235.39851964,-0.59801020,-0.21390420
-235.29851964,-0.59175390,-0.21375160
-235.19851965,-0.58488720,-0.21420940
-235.09851965,-0.57741020,-0.21423990
-234.99851966,-0.57084870,-0.21390420
-234.89851966,-0.56489760,-0.21393470
-234.79851967,-0.55772580,-0.21423990
-234.69851968,-0.55116430,-0.21423990
-234.59851968,-0.54460280,-0.21445360
-234.49851969,-0.53697320,-0.21436200
-234.39851969,-0.53041170,-0.21417890
-234.29851970,-0.52354500,-0.21457560
-234.19851971,-0.51789910,-0.21481980
-234.09851971,-0.51118510,-0.21436200
-233.99851972,-0.50416580,-0.21478930
-233.89851972,-0.49714650,-0.21408730
-233.79851973,-0.49043240,-0.21439250
-233.69851974,-0.48387100,-0.21506390
-233.59851974,-0.47730950,-0.21433150
-233.49851975,-0.46937470,-0.21420940
-233.39851975,-0.46449170,-0.21481980
-233.29851976,-0.45686210,-0.21485030
-233.19851977,-0.45060580,-0.21466720
-233.09851977,-0.44343390,-0.21466720
-232.99851978,-0.43580430,-0.21439250
-232.89851978,-0.43076880,-0.21466720
-232.79851979,-0.42359690,-0.21494190
-232.69851980,-0.41642500,-0.21460620
-232.59851980,-0.40971100,-0.21466720
-232.49851981,-0.40299690,-0.21478930
-232.39851981,-0.39704580,-0.21506390
-232.29851982,-0.39017920,-0.21466720
-232.19851983,-0.38346510,-0.21460620
-232.09851983,-0.37690360,-0.21478930
-231.99851984,-0.36942650,-0.21445360
-231.89851984,-0.36317030,-0.21500290
-231.79851985,-0.35584580,-0.21460620
-231.69851985,-0.34913180,-0.21454510
-231.59851986,-0.34272290,-0.21463670
-231.49851987,-0.33646660,-0.21500290
-231.39851987,-0.32868440,-0.21454510
-231.29851988,-0.32181770,-0.21436200
-231.19851988,-0.31434070,-0.21457560
-231.09851989,-0.30899990,-0.21457560
-230.99851990,-0.30137030,-0.21512500
-230.89851990,-0.29602950,-0.21436200
-230.79851991,-0.28717920,-0.21430100
-230.69851991,-0.28168580,-0.21436200
-230.59851992,-0.27390360,-0.21344650
-230.49851993,-0.26764730,-0.21491130
-230.39851993,-0.25955990,-0.21366010
-230.29851994,-0.25421920,-0.21530810
-230.19851994,-0.24765770,-0.21430100
-230.09851995,-0.24033330,-0.21420940
-229.99851996,-0.23316140,-0.21466720
-229.89851996,-0.22690510,-0.21439250
-229.79851997,-0.22003850,-0.21420940
-229.69851997,-0.21271400,-0.21439250
-229.59851998,-0.20615250,-0.21439250
-229.49851999,-0.19974360,-0.21433150
-229.39851999,-0.19257180,-0.21399580
-229.29852000,-0.18478960,-0.21411790
-229.19852000,-0.17746510,-0.21384320
-229.09852001,-0.17166660,-0.21393470
-228.99852002,-0.16754660,-0.21720020
-228.89852002,-0.15610220,-0.21216470
-228.79852003,-0.15182960,-0.21488080
-228.69852003,-0.14374220,-0.21344650
-228.59852004,-0.13748590,-0.21329390
-228.49852004,-0.13122960,-0.21411790
-228.39852005,-0.12451550,-0.21362960
-228.29852006,-0.11795400,-0.21359900
-228.19852006,-0.11017180,-0.21384320
-228.09852007,-0.10284740,-0.21344650
-227.99852007,-0.09643849,-0.21314130
-227.89852008,-0.08911405,-0.21353800
-227.79852009,-0.08285775,-0.21304970
-227.69852009,-0.07568590,-0.21329390
-227.59852010,-0.06836146,-0.21292760
-227.49852010,-0.06118961,-0.21283610
-227.39852011,-0.05432295,-0.21274450
-227.29852012,-0.04730369,-0.21298870
-227.19852012,-0.04165776,-0.21277510
-227.09852013,-0.03494369,-0.21246990
-226.99852013,-0.02838221,-0.21280560
-226.89852014,-0.02121036,-0.21237830
-226.79852015,-0.01403851,-0.21250040
-226.69852015,-0.00717185,-0.21246990
-226.59852016,-0.00061037,-0.21250040
-226.49852016,0.00671407,-0.21228680
-226.39852017,0.01373333,-0.21216470
-226.29852018,0.01998962,-0.21155430
-226.19852018,0.02807703,-0.21137120
-226.09852019,0.03479110,-0.21207310
-225.99852019,0.04028443,-0.21155430
-225.89852020,0.04837184,-0.21109650
-225.79852020,0.05432295,-0.21179850
-225.69852021,0.06118961,-0.21121860
-225.59852022,0.06836146,-0.21121860
-225.49852022,0.07461776,-0.21100500
-225.39852023,0.08194220,-0.21134070
-225.29852023,0.08835109,-0.21063870
-225.19852024,0.09521775,-0.21094390
-225.09852025,0.10254220,-0.21076080
-224.99852025,0.10895110,-0.21027250
-224.89852026,0.11581770,-0.21054720
-224.79852026,0.12207400,-0.21005890
-224.69852027,0.13031400,-0.20990630
-224.59852028,0.13687550,-0.21021150
-224.49852028,0.14404740,-0.20972320
-224.39852029,0.14984590,-0.21002840
-224.29852029,0.15793330,-0.20975370
-224.19852030,0.16495250,-0.20889920
-224.09852031,0.17136140,-0.20975370
-223.99852031,0.17716000,-0.20883820
-223.89852032,0.18433180,-0.20969270
-223.79852032,0.19180880,-0.20877710
-223.69852033,0.19821770,-0.20859400
-223.59852034,0.20584740,-0.20856350
-223.49852034,0.21149330,-0.20841090
-223.39852035,0.21774960,-0.20838040
-223.29852035,0.22537920,-0.20841090
-223.19852036,0.23316140,-0.20795310
-223.09852037,0.23834960,-0.20804470
-222.99852037,0.24536880,-0.20792260
-222.89852038,0.25299840,-0.20737330
-222.79852038,0.25925470,-0.20780050
-222.69852039,0.26673180,-0.20715960
-222.59852039,0.27420880,-0.20697650
-222.49852040,0.27985470,-0.20682390
-222.39852041,0.28565320,-0.20633560
-222.29852041,0.29206210,-0.20679340
-222.19852042,0.30030210,-0.20627460
-222.09852042,0.30625330,-0.20633560
-221.99852043,0.31342510,-0.20624410
-221.89852044,0.31952880,-0.20606100
-221.79852044,0.32715840,-0.20596940
-221.69852045,0.33433030,-0.20554220
-221.59852045,0.33997620,-0.20538960
-221.49852046,0.34745320,-0.20480970
-221.39852047,0.35462510,-0.20511490
-221.29852047,0.36088140,-0.20480970
-221.19852048,0.36744280,-0.20468760
-221.09852048,0.37568290,-0.20432140
-220.99852049,0.38270210,-0.20422990
-220.89852050,0.38834800,-0.20398570
-220.79852050,0.39475690,-0.20422990
-220.69852051,0.40131840,-0.20386370
-220.59852051,0.40818510,-0.20355850
-220.49852052,0.41596730,-0.20346690
-220.39852053,0.42237620,-0.20307020
-220.29852053,0.42893760,-0.20297860
-220.19852054,0.43565170,-0.20276500
-220.09852054,0.44175540,-0.20252080
-219.99852055,0.44877470,-0.20249030
-219.89852056,0.45548870,-0.20230720
-219.79852056,0.46281320,-0.20169680
-219.69852057,0.46876430,-0.20203250
-219.59852057,0.47669910,-0.20148320
-219.49852058,0.48188730,-0.20154420
-219.39852058,0.48936430,-0.20120850
-219.29852059,0.49562060,-0.20093390
-219.19852060,0.50294510,-0.20099490
-219.09852060,0.50950650,-0.20029300
-218.99852061,0.51652570,-0.20044560
-218.89852061,0.52323990,-0.19983520
-218.79852062,0.52980130,-0.19959110
-218.69852063,0.53666800,-0.19943850
-218.59852063,0.54368720,-0.19953000
-218.49852064,0.54994360,-0.19910280
-218.39852064,0.55696280,-0.19885860
-218.29852065,0.56291390,-0.19867550
-218.19852066,0.57008580,-0.19846190
-218.09852066,0.57573170,-0.19855340
-217.99852067,0.58290350,-0.19809560
-217.89852067,0.58977020,-0.19782100
-217.79852068,0.59678950,-0.19751580
-217.69852069,0.60289320,-0.19705800
-217.59852069,0.60960720,-0.19718010
-217.49852070,0.61510060,-0.19660020
-217.39852070,0.62349310,-0.19632560
-217.29852071,0.63005470,-0.19635610
-217.19852072,0.63646350,-0.19611190
-217.09852072,0.64210950,-0.19577620
-216.99852073,0.64928130,-0.19553210
-216.89852073,0.65614800,-0.19562370
-216.79852074,0.66148870,-0.19504380
-216.69852075,0.66927090,-0.19464710
-216.59852075,0.67583240,-0.19470810
-216.49852076,0.68102060,-0.19446390
-216.39852076,0.68926050,-0.19394510
-216.29852077,0.69551680,-0.19415880
-216.19852077,0.70146790,-0.19336530
-216.09852078,0.70940270,-0.19302960
-215.99852079,0.71535380,-0.19309060
-215.89852079,0.72222050,-0.19272440
-215.79852080,0.72740860,-0.19257180
-215.69852080,0.73397020,-0.19217510
-215.59852081,0.74144720,-0.19186990
-215.49852082,0.74816130,-0.19156470
-215.39852082,0.75380720,-0.19156470
-215.29852083,0.76097910,-0.19095430
-215.19852083,0.76815090,-0.19055760
-215.09852084,0.77364420,-0.19049650
-214.99852085,0.78035830,-0.19040500
-214.89852085,0.78753010,-0.18982510
-214.79852086,0.79348120,-0.18955050
-214.69852086,0.79897460,-0.18936740
-214.59852087,0.80568860,-0.18918420
-214.49852088,0.81362350,-0.18887910
-214.39852088,0.81911680,-0.18842130
-214.29852089,0.82506790,-0.18829920
-214.19852089,0.83117160,-0.18817710
-214.09852090,0.83788570,-0.18790250
-213.99852091,0.84459970,-0.18732260
-213.89852091,0.85177160,-0.18698690
-213.79852092,0.85757010,-0.18668170
-213.69852092,0.86413160,-0.18634600
-213.59852093,0.87069310,-0.18622390
-213.49852094,0.87725450,-0.18570510
-213.39852094,0.88366340,-0.18555250
-213.29852095,0.89053010,-0.18521680
-213.19852095,0.89602350,-0.18488110
-213.09852096,0.90395830,-0.18451490
-212.99852096,0.90884120,-0.18475910
-212.89852097,0.91555530,-0.18411820
-212.79852098,0.92135380,-0.18369090
-212.69852098,0.92837300,-0.18344680
-212.59852099,0.93493460,-0.18289740
-212.49852099,0.94103830,-0.18283640
-212.39852100,0.94668420,-0.18274480
-212.29852101,0.95400860,-0.18195140
-212.19852101,0.95995970,-0.18192080
-212.09852102,0.96591090,-0.18118840
-211.99852102,0.97231970,-0.18124940
-211.89852103,0.97903380,-0.18097480
-211.79852104,0.98467970,-0.18079160
-211.69852104,0.99032560,-0.18021180
-211.59852105,0.99765010,-0.17975400
-211.49852105,1.00283800,-0.17960140
-211.39852106,1.00940000,-0.17917420
-211.29852107,1.01687700,-0.17893000
-211.19852107,1.02267500,-0.17838070
-211.09852108,1.02893100,-0.17777030
-210.99852108,1.03412000,-0.17798390
-210.89852109,1.04113900,-0.17731250
-210.79852110,1.04754800,-0.17722100
-210.69852110,1.05273600,-0.17651910
-210.59852111,1.05868700,-0.17673270
-210.49852111,1.06555400,-0.17624440
-210.39852112,1.07135200,-0.17578660
-210.29852113,1.07745600,-0.17538990
-210.19852113,1.08432300,-0.17493210
-210.09852114,1.09027400,-0.17508470
-209.99852114,1.09576700,-0.17456590
-209.89852115,1.10171800,-0.17395550
-209.79852115,1.10797500,-0.17361980
-209.69852116,1.11438300,-0.17331460
-209.59852117,1.11972400,-0.17300940
-209.49852117,1.12704900,-0.17258220
-209.39852118,1.13208400,-0.17221600
-209.29852118,1.13788300,-0.17148350
-209.19852119,1.14413900,-0.17169710
-209.09852120,1.15039500,-0.17120880
-208.99852120,1.15634600,-0.17059850
-208.89852121,1.16290800,-0.17026280
-208.79852121,1.16779100,-0.16968290
-208.69852122,1.17374200,-0.16995760
-208.59852123,1.18045600,-0.16937770
-208.49852123,1.18640700,-0.16879790
-208.39852124,1.19266300,-0.16824850
-208.29852124,1.19892000,-0.16794340
-208.19852125,1.20456600,-0.16797390
-208.09852126,1.20944900,-0.16757710
-207.99852126,1.21616300,-0.16699730
-207.89852127,1.22226600,-0.16641740
-207.79852127,1.22852300,-0.16647850
-207.69852128,1.23386300,-0.16568500
-207.59852129,1.24103500,-0.16589860
-207.49852129,1.24576600,-0.16611220
-207.39852130,1.25110600,-0.16422010
-207.29852130,1.25675200,-0.16385390
-207.19852131,1.26346600,-0.16440320
-207.09852132,1.26911200,-0.16312140
-206.99852132,1.27475800,-0.16284680
-206.89852133,1.28009900,-0.16281620
-206.79852133,1.28635500,-0.16257210
-206.69852134,1.29184900,-0.16217540
-206.59852134,1.29825700,-0.16150400
-206.49852135,1.30405600,-0.16098510
-206.39852136,1.30954900,-0.16086310
-206.29852136,1.31534800,-0.16049680
-206.19852137,1.32084100,-0.15985590
-206.09852137,1.32831800,-0.16104620
-205.99852138,1.33335400,-0.15704830
-205.89852139,1.33869400,-0.15997800
-205.79852139,1.34510300,-0.15778070
-205.69852140,1.35059700,-0.15744500
-205.59852140,1.35502200,-0.15759760
-205.49852141,1.36097300,-0.15723140
-205.39852142,1.36707700,-0.15695670
-205.29852142,1.37287500,-0.15585800
-205.19852143,1.37913100,-0.15585800
-205.09852143,1.38355700,-0.15527820
-204.99852144,1.38950800,-0.15524770
-204.89852145,1.39530600,-0.15463730
-204.79852145,1.40095200,-0.15430160
-204.69852146,1.40644600,-0.15353860
-204.59852146,1.41270200,-0.15283670
-204.49852147,1.41773700,-0.15259250
-204.39852148,1.42277300,-0.15247050
-204.29852148,1.42933400,-0.15179910
-204.19852149,1.43360700,-0.15210430
-204.09852149,1.43940500,-0.15140230
-203.99852150,1.44428800,-0.15082250
-203.89852151,1.45146000,-0.15024260
-203.79852151,1.45634300,-0.14987640
-203.69852152,1.46168400,-0.14941860
-203.59852152,1.46687200,-0.14932710
-203.49852153,1.47297600,-0.14850310
-203.39852153,1.47846900,-0.14795370
-203.29852154,1.48289400,-0.14783170
-203.19852155,1.48899800,-0.14722130
-203.09852155,1.49449100,-0.14679400
-202.99852156,1.49937400,-0.14651940
-202.89852156,1.50456200,-0.14584800
-202.79852157,1.50990300,-0.14566480
-202.69852158,1.51539700,-0.14493240
-202.59852158,1.52058500,-0.14456620
-202.49852159,1.52699400,-0.14404740
-202.39852159,1.53096100,-0.14368110
-202.29852160,1.53584400,-0.14334540
-202.19852161,1.54225300,-0.14316230
-202.09852161,1.54774600,-0.14194160
-201.99852162,1.55293400,-0.14188060
-201.89852162,1.55736000,-0.14163640
-201.79852163,1.56239500,-0.14078190
-201.69852164,1.56865100,-0.14014100
-201.59852164,1.57384000,-0.13989680
-201.49852165,1.57918000,-0.13971370
-201.39852165,1.58345300,-0.13943910
-201.29852166,1.58864100,-0.13870660
-201.19852167,1.59459200,-0.13800470
-201.09852167,1.59962800,-0.13800470
-200.99852168,1.60420500,-0.13711970
-200.89852168,1.61030900,-0.13669240
-200.79852169,1.61503900,-0.13635670
-200.69852170,1.62068500,-0.13568530
-200.59852170,1.62587400,-0.13565480
-200.49852171,1.62984100,-0.13480030
-200.39852171,1.63518200,-0.13425090
-200.29852172,1.63930200,-0.13388470
-200.19852172,1.64571100,-0.13357950
-200.09852173,1.65013600,-0.13290810
-199.99852174,1.65593400,-0.13284710
-199.89852174,1.66081700,-0.13184000
-199.79852175,1.66509000,-0.13196200
-199.69852175,1.67043100,-0.13107700
-199.59852176,1.67424500,-0.13058870
-199.49852177,1.68034900,-0.13022250
-199.39852177,1.68507900,-0.12967320
-199.29852178,1.69057300,-0.12921540
-199.19852178,1.69591400,-0.12875760
-199.09852179,1.69972800,-0.12799460
-198.99852180,1.70445900,-0.12750630
-198.89852180,1.71025700,-0.12720110
-198.79852181,1.71483500,-0.12729270
-198.69852181,1.71941300,-0.12588890
-198.59852182,1.72353300,-0.12601090
-198.49852183,1.72795800,-0.12564470
-198.39852183,1.73390900,-0.12472910
-198.29852184,1.73757100,-0.12457660
-198.19852184,1.74352200,-0.12369150
-198.09852185,1.74779500,-0.12338630
-197.99852186,1.75313600,-0.12283700
-197.89852186,1.75710300,-0.12265390
-197.79852187,1.76213900,-0.12152470
-197.69852187,1.76717400,-0.12155520
-197.59852188,1.77144700,-0.12079230
-197.49852189,1.77495600,-0.12051760
-197.39852189,1.78090800,-0.11972410
-197.29852190,1.78548500,-0.11905270
-197.19852190,1.79052100,-0.11899170
-197.09852191,1.79372500,-0.11844230
-196.99852191,1.79906600,-0.11801510
-196.89852192,1.80486500,-0.11706900
-196.79852193,1.80837400,-0.11664170
-196.69852193,1.81264700,-0.11642810
-196.59852194,1.81707200,-0.11600090
-196.49852194,1.82210800,-0.11548200
-196.39852195,1.82638000,-0.11465800
-196.29852196,1.83248400,-0.11413920
-196.19852196,1.83492500,-0.11371200
-196.09852197,1.84011400,-0.11340680
-195.99852197,1.84545400,-0.11273540
-195.89852198,1.84926900,-0.11218600
-195.79852199,1.85338900,-0.11194190
-195.69852199,1.85766200,-0.11127050
-195.59852200,1.86223900,-0.11069060
-195.49852200,1.86574900,-0.11001920
-195.39852201,1.87032700,-0.10956150
-195.29852202,1.87459900,-0.10910370
-195.19852202,1.87994000,-0.10861540
-195.09852203,1.88345000,-0.10800500
-194.99852203,1.88848500,-0.10721150
-194.89852204,1.89306300,-0.10663170
-194.79852205,1.89733600,-0.10663170
-194.69852205,1.90038800,-0.10592970
-194.59852206,1.90466000,-0.10559400
-194.49852206,1.90969600,-0.10483110
-194.39852207,1.91351100,-0.10440380
-194.29852208,1.91747800,-0.10391550
-194.19852208,1.92190300,-0.10312200
-194.09852209,1.92663300,-0.10287790
-193.99852209,1.92968500,-0.10223700
-193.89852210,1.93487300,-0.10141300
-193.79852210,1.93762000,-0.10138250
-193.69852211,1.94326600,-0.10043640
-193.59852212,1.94723300,-0.09991760
-193.49852212,1.95074300,-0.09952086
-193.39852213,1.95532100,-0.09921567
-193.29852213,1.95852500,-0.09833064
-193.19852214,1.96356100,-0.09802546
-193.09852215,1.96661300,-0.09726249
-192.99852215,1.97012200,-0.09674367
-192.89852216,1.97561600,-0.09674367
-192.79852216,1.97805700,-0.09561449
-192.69852217,1.98263500,-0.09500412
-192.59852218,1.98706000,-0.09500412
-192.49852218,1.99102800,-0.09384441
-192.39852219,1.99331600,-0.09387493
-192.29852219,1.99819900,-0.09298990
-192.19852220,2.00231900,-0.09234901
-192.09852221,2.00643900,-0.09219642
-191.99852221,2.00903300,-0.09121983
-191.89852222,2.01345900,-0.09094515
-191.79852222,2.01757900,-0.09018219
-191.69852223,2.02108800,-0.08993804
-191.59852224,2.02490300,-0.08920560
-191.49852224,2.02917600,-0.08856472
-191.39852225,2.03222800,-0.08795434
-191.29852225,2.03558500,-0.08764916
-191.19852226,2.03955200,-0.08685568
-191.09852227,2.04413000,-0.08633687
-190.99852227,2.04672400,-0.08618427
-190.89852228,2.05114900,-0.08526871
-190.79852228,2.05435300,-0.08532976
-190.69852229,2.05786300,-0.08438368
-190.59852229,2.06137300,-0.08368175
-190.49852230,2.06503500,-0.08310190
-190.39852231,2.06885000,-0.08261360
-190.29852231,2.07174900,-0.08188116
-190.19852232,2.07571600,-0.08154546
-190.09852232,2.07892100,-0.08111820
-189.99852233,2.08365100,-0.07995850
-189.89852234,2.08578800,-0.07980590
-189.79852234,2.09006000,-0.07913449
-189.69852235,2.09463800,-0.07843257
-189.59852235,2.09707900,-0.07806635
-189.49852236,2.10028400,-0.07705924
-189.39852237,2.10440400,-0.07690664
-189.29852237,2.10745600,-0.07660146
-189.19852238,2.11127000,-0.07580797
-189.09852238,2.11371200,-0.07519761
-188.99852239,2.11661100,-0.07458724
-188.89852240,2.12134200,-0.07400738
-188.79852240,2.12317300,-0.07364117
-188.69852241,2.12759800,-0.07296976
-188.59852241,2.12988700,-0.07235938
-188.49852242,2.13354900,-0.07168798
-188.39852243,2.13675300,-0.07110813
-188.29852243,2.13995800,-0.07113864
-188.19852244,2.14285700,-0.07016205
-188.09852244,2.14667200,-0.06939909
-187.99852245,2.14941900,-0.06878872
-187.89852246,2.15262300,-0.06854457
-187.79852246,2.15475900,-0.06805628
-187.69852247,2.15781100,-0.06750694
-187.59852247,2.16177900,-0.06637776
-187.49852248,2.16559300,-0.06604205
-187.39852248,2.16849300,-0.06540117
-187.29852249,2.17032400,-0.06494339
-187.19852250,2.17398600,-0.06436354
-187.09852250,2.17795300,-0.06378368
-186.99852251,2.17963200,-0.06317332
-186.89852251,2.18268400,-0.06250191
-186.79852252,2.18665100,-0.06204413
-186.69852253,2.19031300,-0.06161687
-186.59852253,2.19168700,-0.06091494
-186.49852254,2.19397600,-0.06067080
-186.39852254,2.19779000,-0.05960265
-186.29852255,2.20084200,-0.05941954
-186.19852256,2.20374200,-0.05847346
-186.09852256,2.20618300,-0.05798517
-185.99852257,2.20954000,-0.05719168
-185.89852257,2.21167600,-0.05691702
-185.79852258,2.21518600,-0.05624561
-185.69852259,2.21686500,-0.05554369
-185.59852259,2.22067900,-0.05517747
-185.49852260,2.22327400,-0.05465865
-185.39852260,2.22602000,-0.05392621
-185.29852261,2.22830900,-0.05325480
-185.19852262,2.23181900,-0.05264443
-185.09852262,2.23365000,-0.05221717
-184.99852263,2.23624400,-0.05166784
-184.89852263,2.23883800,-0.05078280
-184.79852264,2.24143200,-0.05035554
-184.69852265,2.24295800,-0.04998932
-184.59852265,2.24707800,-0.04919584
-184.49852266,2.24921400,-0.04858547
-184.39852266,2.25135000,-0.04803614
-184.29852267,2.25470800,-0.04727317
-184.19852267,2.25608100,-0.04699850
-184.09852268,2.26035300,-0.04586932
-183.99852269,2.26264200,-0.04586932
-183.89852269,2.26477900,-0.04519791
-183.79852270,2.26752500,-0.04452651
-183.69852270,2.26920400,-0.04397717
-183.59852271,2.27271300,-0.04324473
-183.49852272,2.27362900,-0.04330577
-183.39852272,2.27668100,-0.04290903
-183.29852273,2.27805400,-0.04232917
-183.19852273,2.28110600,-0.04000977
-183.09852274,2.28446300,-0.04019288
-182.99852275,2.28568400,-0.04013184
-182.89852275,2.28827800,-0.03933836
-182.79852276,2.29117700,-0.03869747
-182.69852276,2.29194000,-0.03796503
-182.59852277,2.29483900,-0.03720206
-182.49852278,2.29712800,-0.03671377
-182.39852278,2.29941700,-0.03610340
-182.29852279,2.30155300,-0.03570665
-182.19852279,2.30323200,-0.03497421
-182.09852280,2.30597900,-0.03411970
-181.99852281,2.30796200,-0.03381451
-181.89852281,2.30842000,-0.03656118
-181.79852282,2.31238700,-0.03109836
-181.69852282,2.31391300,-0.03286843
-181.59852283,2.31650800,-0.03048799
-181.49852284,2.31894900,-0.03006073
-181.39852284,2.32001700,-0.03057955
-181.29852285,2.32154300,-0.02969451
-181.19852285,2.32367900,-0.02893155
-181.09852286,2.32490000,-0.02829066
-180.99852286,2.32673100,-0.02768029
-180.89852287,2.32917300,-0.02725303
-180.79852288,2.33146100,-0.02673421
-180.69852288,2.33344500,-0.02572710
-180.59852289,2.33466600,-0.02566607
-180.49852289,2.33665000,-0.02444533
-180.39852290,2.33817600,-0.02426222
-180.29852291,2.34107500,-0.02313303
-180.19852291,2.34183800,-0.02310251
-180.09852292,2.34519500,-0.02243111
-179.99852292,2.34595800,-0.02157659
-179.89852293,2.34778900,-0.02133244
-179.79852294,2.34870500,-0.02059999
-179.69852294,2.35129900,-0.02023377
-179.59852295,2.35175600,-0.01962340
-179.49852295,2.35404500,-0.01889096
-179.39852296,2.35541800,-0.01797540
-179.29852297,2.35557100,-0.01763970
-179.19852297,2.35908100,-0.01684622
-179.09852298,2.36030100,-0.01641896
-178.99852298,2.36121700,-0.01571703
-178.89852299,2.36365900,-0.01498459
-178.79852300,2.36518500,-0.01458785
-178.69852300,2.36594700,-0.01422163
-178.59852301,2.36854100,-0.01327555
-178.49852301,2.36976200,-0.01245155
-178.39852302,2.37098300,-0.01178014
-178.29852302,2.37205100,-0.01150548
-178.19852303,2.37357700,-0.01095614
-178.09852304,2.37418700,-0.01010163
-177.99852304,2.37632400,-0.00979644
-177.89852305,2.37723900,-0.00927763
-177.79852305,2.37891800,-0.00848415
-177.69852306,2.38013900,-0.00805689
-177.59852307,2.38166500,-0.00708029
-177.49852307,2.38273300,-0.00653096
-177.39852308,2.38303800,-0.00613422
-177.29852308,2.38471600,-0.00518815
-177.19852309,2.38456400,-0.00482192
-177.09852310,2.38685300,-0.00439467
-176.99852310,2.38761600,-0.00363170
-176.89852311,2.38929400,-0.00323496
-176.79852311,2.38975200,-0.00238044
-176.69852312,2.39188800,-0.00167852
-176.59852313,2.39204100,-0.00128178
-176.49852313,2.39387200,-0.00067141
-176.39852314,2.39448200,-0.00015259
-176.29852314,2.39478800,0.00054933
-176.19852315,2.39646600,0.00097659
-176.09852316,2.39814400,0.00170904
-175.99852316,2.39814400,0.00201422
-175.89852317,2.39967000,0.00280770
-175.79852317,2.40073800,0.00366222
-175.69852318,2.40104400,0.00421155
-175.59852319,2.40211200,0.00466933
-175.49852319,2.40272200,0.00543230
-175.39852320,2.40363800,0.00589007
-175.29852320,2.40501100,0.00689718
-175.19852321,2.40546900,0.00744652
-175.09852321,2.40638400,0.00808741
-174.99852322,2.40852100,0.00848415
-174.89852323,2.40897800,0.00912503
-174.79852323,2.40958900,0.00943022
-174.69852324,2.40943600,0.01028474
-174.59852324,2.41065700,0.01098666
-174.49852325,2.41050500,0.01150548
-174.39852326,2.41218300,0.01214637
-174.29852326,2.41187800,0.01272622
-174.19852327,2.41355600,0.01324503
-174.09852327,2.41355600,0.01376385
-173.99852328,2.41431900,0.01480148
-173.89852329,2.41462400,0.01480148
-173.79852329,2.41508200,0.01593066
-173.69852330,2.41584500,0.01608326
-173.59852330,2.41691300,0.01702933
-173.49852331,2.41676100,0.01760918
-173.39852332,2.41737100,0.01837214
-173.29852332,2.41721800,0.01892148
-173.19852333,2.41676100,0.01922666
-173.09852333,2.41798100,0.02002014
-172.99852334,2.41843900,0.02056948
-172.89852335,2.41874500,0.02078310
-172.79852335,2.41920200,0.02142399
-172.69852336,2.42027000,0.02218696
-172.59852336,2.42057600,0.02294992
-172.49852337,2.42072800,0.02349925
-172.39852338,2.42072800,0.02404859
-172.29852338,2.42118600,0.02490310
-172.19852339,2.42194900,0.02526933
-172.09852339,2.42133900,0.02600177
-171.99852340,2.42210100,0.02642903
-171.89852340,2.42194900,0.02688681
-171.79852341,2.42255900,0.02771081
-171.69852342,2.42332200,0.02826014
-171.59852342,2.42255900,0.02880947
-171.49852343,2.42210100,0.02935881
-171.39852343,2.42210100,0.03021332
-171.29852344,2.42240700,0.03073214
-171.19852345,2.42133900,0.03115940
-171.09852345,2.42255900,0.03186132
-170.99852346,2.42179600,0.03222755
-170.89852346,2.42225400,0.03326517
-170.79852347,2.42240700,0.03366192
-170.69852348,2.42225400,0.03445540
-170.59852348,2.42194900,0.03485214
-170.49852349,2.42255900,0.03537095
-170.39852349,2.42255900,0.03610340
-170.29852350,2.42255900,0.03653065
-170.19852351,2.42164400,0.03720206
-170.09852351,2.42088100,0.03765984
-169.99852352,2.42210100,0.03857540
-169.89852352,2.42042300,0.03900266
-169.79852353,2.41996500,0.03955199
-169.69852354,2.42027000,0.04022340
-169.59852354,2.42057600,0.04071169
-169.49852355,2.41981300,0.04156621
-169.39852355,2.41966000,0.04205450
-169.29852356,2.42072800,0.04263436
-169.19852357,2.41874500,0.04300058
-169.09852357,2.41935500,0.04394665
-168.99852358,2.41843900,0.04412977
-168.89852358,2.41798100,0.04470962
-168.79852359,2.41721800,0.04562517
-168.69852359,2.41813400,0.04611347
-168.59852360,2.41599800,0.04660176
-168.49852361,2.41676100,0.04724265
-168.39852361,2.41615000,0.04800561
-168.29852362,2.41584500,0.04843288
-168.19852362,2.41447200,0.04934843
-168.09852363,2.41386200,0.04962309
-167.99852364,2.41416700,0.05023347
-167.89852364,2.41294600,0.05093539
-167.79852365,2.41187800,0.05133213
-167.69852365,2.41203000,0.05185095
-167.59852366,2.41050500,0.05276650
-167.49852367,2.41081000,0.05319376
-167.39852367,2.40958900,0.05371258
-167.29852368,2.40958900,0.05438399
-167.19852368,2.40867300,0.05490280
-167.09852369,2.40699500,0.05551317
-166.99852370,2.40623200,0.05642872
-166.89852370,2.40501100,0.05645924
-166.79852371,2.40440100,0.05691702
-166.69852371,2.40409600,0.05771050
-166.59852372,2.40394300,0.05859554
-166.49852373,2.40241700,0.05899228
-166.39852373,2.40089100,0.05978576
-166.29852374,2.40012800,0.06002991
-166.19852374,2.39906000,0.06045717
-166.09852375,2.39783900,0.06137272
-165.99852376,2.39753400,0.06204413
-165.89852376,2.39677100,0.06256294
-165.79852377,2.39463500,0.06323435
-165.69852377,2.39356700,0.06384473
-165.59852378,2.39341400,0.06408887
-165.49852378,2.39219300,0.06503494
-165.39852379,2.39127800,0.06524857
-165.29852380,2.39066700,0.06601153
-165.19852380,2.38822600,0.06656087
-165.09852381,2.38792100,0.06680502
-164.99852381,2.38654700,0.06784265
-164.89852382,2.38502100,0.06826991
-164.79852383,2.38532700,0.06918546
-164.69852383,2.38349600,0.06930754
-164.59852384,2.38197000,0.06976531
-164.49852384,2.37952800,0.07046724
-164.39852385,2.37952800,0.07113864
-164.29852386,2.37739200,0.07150487
-164.19852386,2.37647600,0.07220680
-164.09852387,2.37525600,0.07251198
-163.99852387,2.37418700,0.07431257
-163.89852388,2.37266200,0.07443465
-163.79852389,2.37067800,0.07480086
-163.69852389,2.36899900,0.07504501
-163.59852390,2.36823600,0.07547227
-163.49852390,2.36701600,0.07617420
-163.39852391,2.36487900,0.07702872
-163.29852392,2.36457400,0.07718131
-163.19852392,2.36182700,0.07788324
-163.09852393,2.36167500,0.07858516
-162.99852393,2.35969100,0.07882931
-162.89852394,2.35847000,0.07974487
-162.79852395,2.35648700,0.08032472
-162.69852395,2.35526600,0.08090457
-162.59852396,2.35282400,0.08133183
-162.49852396,2.35267200,0.08218635
-162.39852397,2.35053600,0.08224738
-162.29852397,2.34839900,0.08288828
-162.19852398,2.34641600,0.08349864
-162.09852399,2.34534700,0.08413953
-161.99852399,2.34321100,0.08478042
-161.89852400,2.34077000,0.08462783
-161.79852400,2.33985400,0.08566546
-161.69852401,2.33832800,0.08639790
-161.59852402,2.33619200,0.08606219
-161.49852402,2.33497100,0.08755761
-161.39852403,2.33344500,0.08902249
-161.29852403,2.32932500,0.08835109
-161.19852404,2.32810400,0.08896145
-161.09852405,2.32688400,0.09009064
-160.99852405,2.32322100,0.08972442
-160.89852406,2.32154300,0.09067049
-160.79852406,2.32093300,0.09100620
-160.69852407,2.31849100,0.09183019
-160.59852408,2.31650800,0.09253212
-160.49852408,2.31513400,0.09298990
-160.39852409,2.31254000,0.09323405
-160.29852409,2.31131900,0.09375286
-160.19852410,2.30887800,0.09387493
-160.09852411,2.30750400,0.09524827
-159.99852411,2.30552100,0.09546190
-159.89852412,2.30231600,0.09582812
-159.79852412,2.30048500,0.09741508
-159.69852413,2.29804400,0.09659109
-159.59852414,2.29545000,0.09823908
-159.49852414,2.29285600,0.09781183
-159.39852415,2.29133000,0.09918515
-159.29852415,2.28965100,0.09924619
-159.19852416,2.28629400,0.09967345
-159.09852416,2.28476800,0.10034490
-158.99852417,2.28217400,0.10071110
-158.89852418,2.28049600,0.10171820
-158.79852418,2.27790200,0.10226750
-158.69852419,2.27546000,0.10199290
-158.59852419,2.27423900,0.10315260
-158.49852420,2.27179800,0.10339670
-158.39852421,2.26889800,0.10385450
-158.29852421,2.26645700,0.10464800
-158.19852422,2.26355800,0.10498370
-158.09852422,2.26004800,0.10440380
-157.99852423,2.25974300,0.10635700
-157.89852424,2.25699600,0.10773030
-157.79852424,2.25516500,0.10715050
-157.69852425,2.25196100,0.10721150
-157.59852425,2.24875600,0.10846280
-157.49852426,2.24692500,0.10876800
-157.39852427,2.24448400,0.10934780
-157.29852427,2.24189000,0.10971400
-157.19852428,2.23899100,0.11041600
-157.09852428,2.23654900,0.11099580
-156.99852429,2.23426000,0.11127050
-156.89852430,2.23120800,0.11169770
-156.79852430,2.22769900,0.11246070
-156.69852431,2.22464700,0.11288800
-156.59852431,2.22266300,0.11328470
-156.49852432,2.21839000,0.11218600
-156.39852433,2.21747500,0.11447490
-156.29852433,2.21427000,0.11438340
-156.19852434,2.21198200,0.11661120
-156.09852434,2.20923500,0.11551260
-155.99852435,2.20648800,0.11642810
-155.89852435,2.20267300,0.11709950
-155.79852436,2.19916400,0.11731310
-155.69852437,2.19657000,0.11807610
-155.59852437,2.19428100,0.11862540
-155.49852438,2.19061900,0.11905270
-155.39852438,2.18741400,0.11960200
-155.29852439,2.18558300,0.12018190
-155.19852440,2.18253100,0.12051760
-155.09852440,2.17932700,0.12118900
-154.99852441,2.17673300,0.12143310
-154.89852441,2.17337600,0.12179940
-154.79852442,2.17108700,0.12244030
-154.69852443,2.16696700,0.12311170
-154.59852443,2.16437300,0.12338630
-154.49852444,2.16101600,0.12427140
-154.39852444,2.15781100,0.12414930
-154.29852445,2.15414900,0.12527850
-154.19852446,2.15140200,0.12530900
-154.09852446,2.14896100,0.12591940
-153.99852447,2.14514600,0.12637720
-153.89852447,2.14194200,0.12677390
-153.79852448,2.13858500,0.12756740
-153.69852449,2.13568500,0.12732320
-153.59852449,2.13324400,0.12833030
-153.49852450,2.12958200,0.12894070
-153.39852450,2.12637700,0.12918490
-153.29852451,2.12302000,0.13019200
-153.19852452,2.11981600,0.12988680
-153.09852452,2.11508500,0.13101600
-152.99852453,2.11279600,0.13116860
-152.89852453,2.10974500,0.13165690
-152.79852454,2.10623500,0.13226720
-152.69852454,2.10196200,0.13260290
-152.59852455,2.10074200,0.13306070
-152.49852456,2.09540100,0.13373210
-152.39852456,2.09265400,0.13397630
-152.29852457,2.08899200,0.13455610
-152.19852457,2.08624500,0.13513600
-152.09852458,2.08258300,0.13538010
-151.99852459,2.07846300,0.13583790
-151.89852459,2.07495400,0.13641770
-151.79852460,2.07113900,0.13690600
-151.69852460,2.06793400,0.13745540
-151.59852461,2.06518700,0.13797420
-151.49852462,2.06045700,0.13748590
-151.39852462,2.05786300,0.13830990
-151.29852463,2.05328500,0.13962220
-151.19852463,2.04962300,0.13980530
-151.09852464,2.04626600,0.14011050
-150.99852465,2.04184100,0.14014100
-150.89852465,2.03894200,0.14081240
-150.79852466,2.03528000,0.14163640
-150.69852466,2.03161700,0.14200260
-150.59852467,2.02703900,0.14221630
-150.49852468,2.02353000,0.14276560
-150.39852468,2.01941000,0.14331490
-150.29852469,2.01651000,0.14358960
-150.19852469,2.01162700,0.14432200
-150.09852470,2.00949100,0.14465770
-149.99852471,2.00476100,0.14493240
-149.89852471,2.00094600,0.14520710
-149.79852472,1.99728400,0.14584800
-149.69852472,1.99392700,0.14648880
-149.59852473,1.98995900,0.14682460
-149.49852473,1.98477100,0.14700770
-149.39852474,1.98156700,0.14749600
-149.29852475,1.97805700,0.14838100
-149.19852475,1.97409000,0.14859460
-149.09852476,1.96997000,0.14899140
-148.99852476,1.96508700,0.14926600
-148.89852477,1.96127200,0.14969330
-148.79852478,1.95776200,0.15021210
-148.69852478,1.95425300,0.15054780
-148.59852479,1.94875900,0.15085300
-148.49852479,1.94525000,0.15152440
-148.39852480,1.94158800,0.15198220
-148.29852481,1.93716200,0.15237890
-148.19852481,1.93350000,0.15286720
-148.09852482,1.92922800,0.15317240
-147.99852482,1.92480200,0.15350810
-147.89852483,1.92053000,0.15381330
-147.79852484,1.91656200,0.15427110
-147.69852484,1.91213700,0.15475940
-147.59852485,1.90862800,0.15533920
-147.49852485,1.90313400,0.15561390
-147.39852486,1.90038800,0.15604110
-147.29852487,1.89687800,0.15665150
-147.19852487,1.89016400,0.15695670
-147.09852488,1.88634900,0.15729240
-146.99852488,1.88253400,0.15811640
-146.89852489,1.87826200,0.15836050
-146.79852490,1.87429400,0.15863520
-146.69852490,1.86971700,0.15894040
-146.59852491,1.86422300,0.15915400
-146.49852491,1.86010300,0.15973390
-146.39852492,1.85537300,0.16003910
-146.29852492,1.85232100,0.16064940
-146.19852493,1.84728500,0.16113770
-146.09852494,1.84347100,0.16119880
-145.99852494,1.83904500,0.16165650
-145.89852495,1.83278900,0.16196170
-145.79852495,1.82989000,0.16229740
-145.69852496,1.82577000,0.16321300
-145.59852497,1.82119200,0.16302990
-145.49852497,1.81600400,0.16367080
-145.39852498,1.81234200,0.16406750
-145.29852498,1.80715400,0.16443370
-145.19852499,1.80288100,0.16470840
-145.09852500,1.79784500,0.16510510
-144.99852500,1.79357300,0.16534930
-144.89852501,1.78853700,0.16571550
-144.79852501,1.78396000,0.16635640
-144.69852502,1.78045000,0.16687520
-144.59852503,1.77526200,0.16678370
-144.49852503,1.77053100,0.16730250
-144.39852504,1.76580100,0.16803490
-144.29852504,1.76183400,0.16803490
-144.19852505,1.75710300,0.16870630
-144.09852506,1.75161000,0.16858420
-143.99852506,1.74764200,0.16910310
-143.89852507,1.74169100,0.16977450
-143.79852507,1.73741900,0.16965240
-143.69852508,1.73207800,0.17050690
-143.59852509,1.72734800,0.17081210
-143.49852509,1.72338000,0.17123940
-143.39852510,1.71865000,0.17139190
-143.29852510,1.71361400,0.17157510
-143.19852511,1.70888400,0.17203280
-143.09852511,1.70354300,0.17282630
-142.99852512,1.69911800,0.17319250
-142.89852513,1.69331900,0.17307050
-142.79852513,1.68874200,0.17355880
-142.69852514,1.68401100,0.17383340
-142.59852514,1.68004400,0.17465740
-142.49852515,1.67363500,0.17462690
-142.39852516,1.66859900,0.17493210
-142.29852516,1.66509000,0.17514570
-142.19852517,1.65883400,0.17566450
-142.09852517,1.65395100,0.17590870
-141.99852518,1.64876200,0.17630540
-141.89852519,1.64403200,0.17645800
-141.79852519,1.63930200,0.17703790
-141.69852520,1.63457100,0.17752620
-141.59852520,1.62907800,0.17777030
-141.49852521,1.62282200,0.17783140
-141.39852522,1.61885400,0.17828910
-141.29852522,1.61290300,0.17853330
-141.19852523,1.60786800,0.17886900
-141.09852523,1.60329000,0.17932680
-140.99852524,1.59779700,0.17972350
-140.89852525,1.59306600,0.18015080
-140.79852525,1.58818300,0.18045600
-140.69852526,1.58192700,0.18051700
-140.59852526,1.57734900,0.18103580
-140.49852527,1.57246600,0.18131050
-140.39852528,1.56727800,0.18140200
-140.29852528,1.56132700,0.18182930
-140.19852529,1.55613900,0.18201240
-140.09852529,1.55095100,0.18234810
-139.99852530,1.54515200,0.18301950
-139.89852530,1.54103200,0.18323310
-139.79852531,1.53462300,0.18329420
-139.69852532,1.52928200,0.18378250
-139.59852532,1.52470500,0.18396560
-139.49852533,1.51875400,0.18436230
-139.39852533,1.51417600,0.18451490
-139.29852534,1.50822500,0.18515580
-139.19852535,1.50349400,0.18515580
-139.09852535,1.49800100,0.18536940
-138.99852536,1.49220300,0.18573560
-138.89852536,1.48732000,0.18619340
-138.79852537,1.48197900,0.18631550
-138.69852538,1.47648500,0.18668170
-138.59852538,1.47099200,0.18704790
-138.49852539,1.46595700,0.18729210
-138.39852539,1.45924300,0.18781090
-138.29852540,1.45374900,0.18805510
-138.19852541,1.44840800,0.18799400
-138.09852541,1.44276200,0.18826870
-137.99852542,1.43757400,0.18869590
-137.89852542,1.43238600,0.18890960
-137.79852543,1.42674000,0.18930630
-137.69852544,1.42155200,0.18948940
-137.59852544,1.41483800,0.18976410
-137.49852545,1.40934500,0.19016080
-137.39852545,1.40415700,0.19037450
-137.29852546,1.39835800,0.19071020
-137.19852547,1.39256000,0.19089330
-137.09852547,1.38844000,0.19132050
-136.99852548,1.38172600,0.19138160
-136.89852548,1.37623200,0.19168680
-136.79852549,1.37150200,0.19232760
-136.69852549,1.36433000,0.19199190
-136.59852550,1.35929400,0.19244970
-136.49852551,1.35319100,0.19263280
-136.39852551,1.34693400,0.19281590
-136.29852552,1.34128800,0.19315170
-136.19852552,1.33564300,0.19342630
-136.09852553,1.33091200,0.19348730
-135.99852554,1.32465600,0.19400620
-135.89852554,1.31824700,0.19455550
-135.79852555,1.31305900,0.19440290
-135.69852555,1.30726000,0.19461650
-135.59852556,1.30100400,0.19492170
-135.49852557,1.29657900,0.19534900
-135.39852557,1.29062800,0.19537950
-135.29852558,1.28528700,0.19550160
-135.19852558,1.27811500,0.19571520
-135.09852559,1.27231700,0.19626450
-134.99852560,1.26804400,0.19653920
-134.89852560,1.26148300,0.19666130
-134.79852561,1.25507400,0.19711910
-134.69852561,1.24973300,0.19724110
-134.59852562,1.24439200,0.19736320
-134.49852563,1.23813600,0.19788200
-134.39852563,1.23126900,0.19769890
-134.29852564,1.22623400,0.19791250
-134.19852564,1.21967200,0.19809560
-134.09852565,1.21372100,0.19852290
-133.99852565,1.20838000,0.19888910
-133.89852566,1.20151400,0.19901120
-133.79852567,1.19663100,0.19879760
-133.69852567,1.18991700,0.19919430
-133.59852568,1.18549100,0.19971310
-133.49852568,1.17954000,0.19946900
-133.39852569,1.17191100,0.19840080
-133.29852570,1.16626500,0.20096440
-133.19852570,1.15970300,0.20081180
-133.09852571,1.15314200,0.19998780
-132.99852571,1.14810600,0.20065920
-132.89852572,1.14230800,0.20126960
-132.79852573,1.13635700,0.20117800
-132.69852573,1.13132100,0.20139160
-132.59852574,1.12430200,0.20142220
-132.49852574,1.11774000,0.20142220
-132.39852575,1.11148400,0.20206310
-132.29852576,1.10538000,0.20212410
-132.19852576,1.09927700,0.20236820
-132.09852577,1.09363100,0.20267340
-131.99852577,1.08600100,0.19977420
-131.89852578,1.08127100,0.20401620
-131.79852579,1.07608300,0.20197150
-131.69852579,1.06936900,0.20389420
-131.59852580,1.06265400,0.20365000
-131.49852580,1.05563500,0.20358900
-131.39852581,1.04998900,0.20398570
-131.29852582,1.04342800,0.20392470
-131.19852582,1.03762900,0.20410780
-131.09852583,1.03183100,0.20429090
-130.99852583,1.02603200,0.20456560
-130.89852584,1.01947100,0.20459610
-130.79852584,1.01321400,0.20493180
-130.69852585,1.00665300,0.20499280
-130.59852586,1.00177000,0.20502330
-130.49852586,0.99520860,0.20538960
-130.39852587,0.98849450,0.20557270
-130.29852587,0.98162790,0.20572530
-130.19852588,0.97582940,0.20581680
-130.09852589,0.97003080,0.20606100
-129.99852589,0.96377450,0.20621360
-129.89852590,0.95706050,0.20593890
-129.79852590,0.95141450,0.20642720
-129.69852591,0.94500570,0.20642720
-129.59852592,0.93890200,0.20691550
-129.49852592,0.93203530,0.20679340
-129.39852593,0.92562640,0.20706810
-129.29852593,0.91921750,0.20715960
-129.19852594,0.91265600,0.20694600
-129.09852595,0.90746790,0.20740380
-128.99852595,0.90044860,0.20746480
-128.89852596,0.89434490,0.20767850
-128.79852596,0.88702050,0.20804470
-128.69852597,0.88061160,0.20786160
-128.59852598,0.87389750,0.20831940
-128.49852598,0.86718340,0.20816670
-128.39852599,0.86306350,0.20850250
-128.29852599,0.85558640,0.20828880
-128.19852600,0.84826200,0.20853300
-128.09852601,0.84261600,0.20899080
-127.99852601,0.83605460,0.20883820
-127.89852602,0.82964570,0.20883820
-127.79852602,0.82293160,0.20905180
-127.69852603,0.81652270,0.20911280
-127.59852603,0.81057160,0.20957060
-127.49852604,0.80416270,0.20923490
-127.39852605,0.79729600,0.20950960
-127.29852605,0.79165010,0.20954010
-127.19852606,0.78432570,0.20978420
-127.09852606,0.77730640,0.20972320
-126.99852607,0.77211830,0.20975370
-126.89852608,0.76509900,0.20987580
-126.79852608,0.75884280,0.20993680
-126.69852609,0.75197610,0.21021150
-126.59852609,0.74465160,0.21057770
-126.49852610,0.73839530,0.21033360
-126.39852611,0.73183390,0.21039460
-126.29852611,0.72511980,0.21094390
-126.19852612,0.71886350,0.21036410
-126.09852612,0.71199690,0.21051670
-125.99852613,0.70528270,0.21057770
-125.89852614,0.69917910,0.21091340
-125.79852614,0.69353310,0.21094390
-125.69852615,0.68590350,0.21097450
-125.59852615,0.67979980,0.21109650
-125.49852616,0.67217020,0.21152380
-125.39852617,0.66698200,0.21140170
-125.29852617,0.65965760,0.21143220
-125.19852618,0.65324870,0.21127960
-125.09852618,0.64638200,0.21167640
-124.99852619,0.63966800,0.21179850
-124.89852620,0.63325910,0.21228680
-124.79852620,0.62746050,0.21161530
-124.69852621,0.62028870,0.21189000
-124.59852621,0.61235390,0.21195100
-124.49852622,0.60655540,0.21210360
-124.39852622,0.60029910,0.21201210
-124.29852623,0.59358500,0.21198160
-124.19852624,0.58717610,0.21198160
-124.09852624,0.57969910,0.21225620
-123.99852625,0.57329020,0.21213420
-123.89852625,0.56688130,0.21231730
-123.79852626,0.56001470,0.21240880
-123.69852627,0.55360570,0.21268350
-123.59852627,0.54734950,0.21253090
-123.49852628,0.54033020,0.21259190
-123.39852628,0.53422650,0.21234780
-123.29852629,0.52812280,0.21259190
-123.19852630,0.52018800,0.21265300
-123.09852630,0.51255830,0.21219520
-122.99852631,0.50737020,0.21277510
-122.89852631,0.50126650,0.21240880
-122.79852632,0.49363690,0.21283610
-122.69852633,0.48753320,0.21277510
-122.59852633,0.48066650,0.21277510
-122.49852634,0.47456280,0.21271400
-122.39852634,0.46617020,0.21283610
-122.29852635,0.45960880,0.21317180
-122.19852636,0.45365770,0.21274450
-122.09852636,0.44740130,0.21292760
-121.99852637,0.43916140,0.21283610
-121.89852637,0.43336280,0.21298870
-121.79852638,0.42649620,0.21317180
-121.69852639,0.41917170,0.21292760
-121.59852639,0.41337320,0.21292760
-121.49852640,0.40681170,0.21311070
-121.39852640,0.39948730,0.21295820
-121.29852641,0.39185770,0.21289710
-121.19852641,0.38605910,0.21317180
-121.09852642,0.37842950,0.21295820
-120.99852643,0.37186800,0.21304970
-120.89852643,0.36515400,0.21292760
-120.79852644,0.35828730,0.21298870
-120.69852644,0.35187840,0.21314130
-120.59852645,0.34470660,0.21335490
-120.49852646,0.33799250,0.21283610
-120.39852646,0.33204140,0.21277510
-120.29852647,0.32517470,0.21274450
-120.19852647,0.31800290,0.21289710
-120.09852648,0.31128880,0.21280560
-119.99852649,0.30457470,0.21283610
-119.89852649,0.29740290,0.21277510
-119.79852650,0.29099400,0.21277510
-119.69852650,0.28382210,0.21292760
-119.59852651,0.27756580,0.21289710
-119.49852652,0.26978360,0.21259190
-119.39852652,0.26444290,0.21259190
-119.29852653,0.25681330,0.21280560
-119.19852653,0.24964140,0.21268350
-119.09852654,0.24307990,0.21265300
-118.99852655,0.23621330,0.21243930
-118.89852655,0.22873620,0.21240880
-118.79852656,0.22156440,0.21277510
-118.69852656,0.21637620,0.21253090
-118.59852657,0.20844140,0.21271400
-118.49852658,0.20172730,0.21268350
-118.39852658,0.19486070,0.21250040
-118.29852659,0.18860440,0.21243930
-118.19852659,0.18204290,0.21268350
-118.09852660,0.17471850,0.21204260
-117.99852660,0.16754660,0.21219520
-117.89852661,0.16052740,0.21195100
-117.79852662,0.15335550,0.21201210
-117.69852662,0.14694660,0.21219520
-117.59852663,0.14038520,0.21210360
-117.49852663,0.13473920,0.21185950
-117.39852664,0.12695700,0.21185950
-117.29852665,0.12024290,0.21189000
-117.19852665,0.11307110,0.21161530
-117.09852666,0.10559400,0.21182900
-116.99852666,0.09857479,0.21158480
-116.89852667,0.09216590,0.21127960
-116.79852668,0.08590961,0.21155430
-116.69852668,0.07812738,0.21152380
-116.59852669,0.07202368,0.21109650
-116.49852669,0.06439406,0.21149330
-116.39852670,0.05783258,0.21127960
-116.29852671,0.05066073,0.21103550
-116.19852671,0.04425184,0.21091340
-116.09852672,0.03692739,0.21112700
-115.99852672,0.03036592,0.21073030
-115.89852673,0.02365185,0.21085240
-115.79852674,0.01709037,0.21042510
-115.69852674,0.00976592,0.21051670
-115.59852675,0.00335704,0.21051670
-115.49852675,-0.00412000,0.21051670
-115.39852676,-0.01098666,0.21045560
-115.29852677,-0.01785333,0.21033360
-115.19852677,-0.02441481,0.20999790
-115.09852678,-0.03097629,0.20993680
-114.99852678,-0.03707999,0.21024200
-114.89852679,-0.04516739,0.20990630
-114.79852679,-0.05249184,0.20929590
-114.69852680,-0.05920591,0.20944850
-114.59852681,-0.06591998,0.20950960
-114.49852681,-0.07248146,0.20969270
-114.39852682,-0.07889035,0.20935700
-114.29852682,-0.08667257,0.20902130
-114.19852683,-0.09323405,0.20892970
-114.09852684,-0.09979553,0.20902130
-113.99852684,-0.10742520,0.20856350
-113.89852685,-0.11337630,0.20883820
-113.79852685,-0.11993770,0.20841090
-113.69852686,-0.12741480,0.20850250
-113.59852687,-0.13534960,0.20847190
-113.49852687,-0.14069030,0.20816670
-113.39852688,-0.14862510,0.20804470
-113.29852688,-0.15594960,0.20792260
-113.19852689,-0.16144290,0.20801420
-113.09852690,-0.16800440,0.20746480
-112.99852690,-0.17532880,0.20758690
-112.89852691,-0.18250070,0.20709860
-112.79852691,-0.18890960,0.20761740
-112.69852692,-0.19562370,0.20709860
-112.59852693,-0.20310070,0.20685450
-112.49852693,-0.20935700,0.20676290
-112.39852694,-0.21668140,0.20654930
-112.29852694,-0.22309030,0.20661030
-112.19852695,-0.22919400,0.20664080
-112.09852696,-0.23758660,0.20609150
-111.99852696,-0.24369030,0.20606100
-111.89852697,-0.25025180,0.20618300
-111.79852697,-0.25574510,0.20578630
-111.69852698,-0.26337470,0.20584740
-111.59852698,-0.26993620,0.20535910
-111.49852699,-0.27787100,0.20508440
-111.39852700,-0.28473770,0.20526750
-111.29852700,-0.29068880,0.20468760
-111.19852701,-0.29862360,0.20487080
-111.09852701,-0.30518510,0.20465710
-110.99852702,-0.31083100,0.20468760
-110.89852703,-0.31815550,0.20410780
-110.79852703,-0.32502210,0.20416880
-110.69852704,-0.33173620,0.20389420
-110.59852704,-0.33890800,0.20401620
-110.49852705,-0.34470660,0.20361950
-110.39852706,-0.35142060,0.20365000
-110.29852706,-0.35889770,0.20291760
-110.19852707,-0.36622210,0.20285650
-110.09852707,-0.37308880,0.20307020
-109.99852708,-0.37919250,0.20245980
-109.89852709,-0.38438060,0.20249030
-109.79852709,-0.39262060,0.20215460
-109.69852710,-0.39887690,0.20212410
-109.59852710,-0.40696430,0.20157480
-109.49852711,-0.41184730,0.20209360
-109.39852712,-0.41917170,0.20075080
-109.29852712,-0.42588580,0.20059820
-109.19852713,-0.43427840,0.20047610
-109.09852713,-0.43946650,0.20221560
-108.99852714,-0.44709620,0.20087280
-108.89852715,-0.45396280,0.20017090
-108.79852715,-0.46037170,0.20038450
-108.69852716,-0.46769620,0.19995730
-108.59852716,-0.47379990,0.20001830
-108.49852717,-0.47990350,0.19989620
-108.39852717,-0.48722800,0.19934690
-108.29852718,-0.49394210,0.19946900
-108.19852719,-0.50111400,0.19910280
-108.09852719,-0.50752280,0.19919430
-107.99852720,-0.51438950,0.19849240
-107.89852720,-0.52003540,0.20111700
-107.79852721,-0.52720730,0.19827880
-107.69852722,-0.53392130,0.19895020
-107.59852722,-0.53956720,0.19742420
-107.49852723,-0.54719690,0.19696650
-107.39852723,-0.55406360,0.19769890
-107.29852724,-0.56123540,0.19736320
-107.19852725,-0.56749170,0.19696650
-107.09852725,-0.57390060,0.19693590
-106.99852726,-0.58107240,0.19595930
-106.89852726,-0.58748130,0.19602040
-106.79852727,-0.59389020,0.19595930
-106.69852728,-0.60106210,0.19531850
-106.59852728,-0.60747090,0.19559310
-106.49852729,-0.61418500,0.19547100
-106.39852729,-0.62120430,0.19501330
-106.29852730,-0.62761310,0.19476910
-106.19852731,-0.63356420,0.19464710
-106.09852731,-0.64012580,0.19437240
-105.99852732,-0.64729760,0.19421980
-105.89852732,-0.65431680,0.19370100
-105.79852733,-0.66072570,0.19345680
-105.69852734,-0.66774500,0.19315170
-105.59852734,-0.67400130,0.19327370
-105.49852735,-0.68010500,0.19290750
-105.39852735,-0.68651380,0.19238870
-105.29852736,-0.69338050,0.19229710
-105.19852736,-0.69963680,0.19202250
-105.09852737,-0.70696130,0.19168680
-104.99852738,-0.71306500,0.19153420
-104.89852738,-0.71932130,0.19107640
-104.79852739,-0.72603540,0.19095430
-104.69852739,-0.73274940,0.19086280
-104.59852740,-0.73900570,0.19067960
-104.49852741,-0.74663530,0.19003880
-104.39852741,-0.75228120,0.18973360
-104.29852742,-0.75869010,0.18955050
-104.19852742,-0.76448860,0.18906220
-104.09852743,-0.77272870,0.18887910
-103.99852744,-0.77852720,0.18900110
-103.89852744,-0.78478350,0.18851280
-103.79852745,-0.79210790,0.18799400
-103.69852745,-0.79866940,0.18790250
-103.59852746,-0.80355230,0.18753620
-103.49852747,-0.81057160,0.18759730
-103.39852747,-0.81728570,0.18695640
-103.29852748,-0.82415240,0.18659020
-103.19852748,-0.82934050,0.18646810
-103.09852749,-0.83758050,0.18576620
-102.99852750,-0.84261600,0.18561360
-102.89852750,-0.84810940,0.18561360
-102.79852751,-0.85619680,0.18518630
-102.69852751,-0.86138490,0.18524730
-102.59852752,-0.86794640,0.18478960
-102.49852753,-0.87420270,0.18451490
-102.39852753,-0.88045900,0.18436230
-102.29852754,-0.88671530,0.18427080
-102.19852754,-0.89373460,0.18335520
-102.09852755,-0.90029600,0.18311110
-101.99852755,-0.90685750,0.18298900
-101.89852756,-0.91311380,0.18256170
-101.79852757,-0.92043820,0.18182930
-101.69852757,-0.92608420,0.18192080
-101.59852758,-0.93234040,0.18140200
-101.49852758,-0.93798640,0.18134100
-101.39852759,-0.94454790,0.18097480
-101.29852760,-0.95080420,0.18073060
-101.19852760,-0.95828120,0.18027280
-101.09852761,-0.96331670,0.18008970
-100.99852761,-0.97064120,0.17938780
-100.89852762,-0.97674490,0.17981510
-100.79852763,-0.98269600,0.17865540
-100.69852763,-0.98834190,0.17880790
-100.59852764,-0.99627670,0.17841120
-100.49852764,-1.00070200,0.17773980
-100.39852765,-1.00787400,0.17764820
-100.29852766,-1.01352000,0.17752620
-100.19852766,-1.02008100,0.17719050
-100.09852767,-1.02649000,0.17667170
-99.99852767,-1.03259400,0.17621390
-99.89852768,-1.03869700,0.17578660
-99.79852769,-1.04373300,0.17569510
-99.69852769,-1.05090500,0.17557300
-99.59852770,-1.05685600,0.17499310
-99.49852770,-1.06311200,0.17447430
-99.39852771,-1.07028400,0.17450480
-99.29852772,-1.07455700,0.17413860
-99.19852772,-1.08233900,0.17352820
-99.09852773,-1.08752700,0.17365030
-98.99852773,-1.09424100,0.17279580
-98.89852774,-1.10080300,0.17249060
-98.79852774,-1.10644900,0.17233800
-98.69852775,-1.11178900,0.17197180
-98.59852776,-1.11926600,0.17111730
-98.49852776,-1.12369200,0.17145300
-98.39852777,-1.13132100,0.17062900
-98.29852777,-1.13544100,0.17047640
-98.19852778,-1.14246000,0.17023230
-98.09852779,-1.14810600,0.16977450
-97.99852779,-1.15543100,0.16946930
-97.89852780,-1.16031400,0.16892000
-97.79852780,-1.16672300,0.16858420
-97.69852781,-1.17313100,0.16742450
-97.59852782,-1.17893000,0.16785180
-97.49852782,-1.18564400,0.16693620
-97.39852783,-1.19113700,0.16718040
-97.29852783,-1.19739400,0.16650900
-97.19852784,-1.20334500,0.16657000
-97.09852785,-1.20914300,0.16605120
-96.99852785,-1.21494200,0.16571550
-96.89852786,-1.21997700,0.16519670
-96.79852786,-1.22699700,0.16452530
-96.69852787,-1.23340600,0.16422010
-96.59852788,-1.23905100,0.16418960
-96.49852788,-1.24485000,0.16357920
-96.39852789,-1.25019100,0.16351820
-96.29852789,-1.25660000,0.16257210
-96.19852790,-1.26178800,0.16284680
-96.09852791,-1.26789200,0.16208380
-95.99852791,-1.27338500,0.16193120
-95.89852792,-1.27933600,0.16116820
-95.79852792,-1.28589700,0.16046630
-95.69852793,-1.29139100,0.16110720
-95.59852793,-1.29718900,0.16000850
-95.49852794,-1.30329300,0.15988650
-95.39852795,-1.30924400,0.15948970
-95.29852795,-1.31443200,0.15857420
-95.19852796,-1.32007800,0.15878780
-95.09852796,-1.32664000,0.15811640
-94.99852797,-1.33137000,0.15768910
-94.89852798,-1.33793100,0.15726190
-94.79852798,-1.34312000,0.15695670
-94.69852799,-1.34922300,0.15659050
-94.59852799,-1.35486900,0.15601060
-94.49852800,-1.36036300,0.15555280
-94.39852801,-1.36600900,0.15570540
-94.29852801,-1.37180700,0.15491200
-94.19852802,-1.37760600,0.15469830
-94.09852802,-1.38432000,0.15384380
-93.99852803,-1.38859200,0.15353860
-93.89852804,-1.39393300,0.15347760
-93.79852804,-1.39912100,0.15268410
-93.69852805,-1.40522500,0.15240940
-93.59852805,-1.41163400,0.15186010
-93.49852806,-1.41682200,0.15170750
-93.39852807,-1.42277300,0.15100560
-93.29852807,-1.42780900,0.15054780
-93.19852808,-1.43223400,0.15033420
-93.09852808,-1.43879500,0.14996800
-92.99852809,-1.44459400,0.14938810
-92.89852810,-1.45024000,0.14905240
-92.79852810,-1.45527500,0.14868620
-92.69852811,-1.46076800,0.14801480
-92.59852811,-1.46717700,0.14758750
-92.49852812,-1.47221300,0.14712970
-92.39852812,-1.47648500,0.14661090
-92.29852813,-1.48182600,0.14654990
-92.19852814,-1.48823500,0.14587850
-92.09852814,-1.49388100,0.14578690
-91.99852815,-1.49861100,0.14490190
-91.89852815,-1.50395200,0.14471880
-91.79852816,-1.50975100,0.14416940
-91.69852817,-1.51646500,0.14386430
-91.59852817,-1.52058500,0.14334540
-91.49852818,-1.52623100,0.14270450
-91.39852818,-1.53157100,0.14233830
-91.29852819,-1.53599700,0.14203310
-91.19852820,-1.54194800,0.14127020
-91.09852820,-1.54713600,0.14114810
-90.99852821,-1.55247700,0.14047670
-90.89852821,-1.55766500,0.14001890
-90.79852822,-1.56224300,0.13956110
-90.69852823,-1.56819400,0.13898130
-90.59852823,-1.57277100,0.13892020
-90.49852824,-1.57826500,0.13824880
-90.39852824,-1.58421600,0.13812680
-90.29852825,-1.58940400,0.13736380
-90.19852826,-1.59382900,0.13699760
-90.09852826,-1.59932200,0.13650930
-89.99852827,-1.60527400,0.13583790
-89.89852827,-1.61000400,0.13553270
-89.79852828,-1.61565000,0.13483080
-89.69852828,-1.61946500,0.13437300
-89.59852829,-1.62480500,0.13403730
-89.49852830,-1.62938300,0.13364060
-89.39852830,-1.63441900,0.13306070
-89.29852831,-1.63991200,0.13266400
-89.19852831,-1.64571100,0.13241980
-89.09852832,-1.65105100,0.13165690
-88.99852833,-1.65425600,0.13153480
-88.89852833,-1.66036000,0.13077180
-88.79852834,-1.66570000,0.12994780
-88.69852834,-1.67073600,0.12979520
-88.59852835,-1.67531400,0.12945950
-88.49852836,-1.68019700,0.12872710
-88.39852836,-1.68523200,0.12839140
-88.29852837,-1.68935200,0.12802510
-88.19852837,-1.69530300,0.12747580
-88.09852838,-1.69972800,0.12707910
-87.99852839,-1.70384800,0.12662130
-87.89852839,-1.70980000,0.12546160
-87.79852840,-1.71407200,0.12585830
-87.69852840,-1.71895500,0.12482070
-87.59852841,-1.72399100,0.12448500
-87.49852842,-1.72887400,0.12399670
-87.39852842,-1.73436700,0.12341690
-87.29852843,-1.73879200,0.12289800
-87.19852843,-1.74275900,0.12271490
-87.09852844,-1.74886300,0.12195200
-86.99852845,-1.75283100,0.12152470
-86.89852845,-1.75817100,0.12103640
-86.79852846,-1.76122300,0.12082280
-86.69852846,-1.76778500,0.12005980
-86.59852847,-1.77205700,0.11948000
-86.49852847,-1.77648200,0.11926630
-86.39852848,-1.78182300,0.11874750
-86.29852849,-1.78563800,0.11801510
-86.19852849,-1.79067300,0.11755730
-86.09852850,-1.79540400,0.11691640
-85.99852850,-1.80013400,0.11661120
-85.89852851,-1.80394900,0.11624500
-85.79852852,-1.80944200,0.11539050
-85.69852852,-1.81386800,0.11499370
-85.59852853,-1.81829300,0.11444440
-85.49852853,-1.82195500,0.11407820
-85.39852854,-1.82683800,0.11377300
-85.29852855,-1.83202600,0.11288800
-85.19852855,-1.83523100,0.11285740
-85.09852856,-1.84072400,0.11224710
-84.99852856,-1.84560700,0.11151460
-84.89852857,-1.84911600,0.11105690
-84.79852858,-1.85323600,0.11014130
-84.69852858,-1.85766200,0.10983610
-84.59852859,-1.86193400,0.10940890
-84.49852859,-1.86697000,0.10907320
-84.39852860,-1.87200500,0.10788290
-84.29852861,-1.87490500,0.10733360
-84.19852861,-1.88070300,0.10818810
-84.09852862,-1.88406000,0.10592970
-83.99852862,-1.88894300,0.10702840
-83.89852863,-1.89306300,0.10635700
-83.79852864,-1.89779400,0.10473950
-83.69852864,-1.90130300,0.10483110
-83.59852865,-1.90527100,0.10434280
-83.49852865,-1.90923800,0.10321360
-83.39852866,-1.91427400,0.10303050
-83.29852866,-1.91839300,0.10266430
-83.19852867,-1.92327600,0.10220650
-83.09852868,-1.92648100,0.10174870
-82.99852868,-1.93044800,0.10104680
-82.89852869,-1.93594200,0.10040590
-82.79852869,-1.93914600,0.09997864
-82.69852870,-1.94189300,0.10199290
-82.59852871,-1.94677600,0.09857479
-82.49852871,-1.95181100,0.09894101
-82.39852872,-1.95486300,0.09805597
-82.29852872,-1.96020400,0.09616382
-82.19852873,-1.96310300,0.09707938
-82.09852874,-1.96783400,0.09604175
-81.99852874,-1.97241100,0.09546190
-81.89852875,-1.97668400,0.09518723
-81.79852875,-1.98019300,0.09421064
-81.69852876,-1.98355100,0.09427167
-81.59852877,-1.98797600,0.09344768
-81.49852877,-1.99270600,0.09289834
-81.39852878,-1.99606300,0.09234901
-81.29852878,-1.99987800,0.09195227
-81.19852879,-2.00369300,0.09112827
-81.09852880,-2.00720200,0.09079257
-80.99852880,-2.01055900,0.09009064
-80.89852881,-2.01376400,0.08954131
-80.79852881,-2.01879900,0.08923613
-80.69852882,-2.02276700,0.08838160
-80.59852883,-2.02642900,0.08780175
-80.49852883,-2.02978600,0.08743553
-80.39852884,-2.03421100,0.08694723
-80.29852884,-2.03695800,0.08645894
-80.19852885,-2.04168800,0.08600116
-80.09852885,-2.04565600,0.08505508
-79.99852886,-2.04870700,0.08435316
-79.89852887,-2.05282800,0.08410901
-79.79852887,-2.05649000,0.08349864
-79.69852888,-2.05999900,0.08301035
-79.59852888,-2.06457700,0.08206427
-79.49852889,-2.06640800,0.08172857
-79.39852890,-2.07068100,0.08142339
-79.29852890,-2.07297000,0.08087405
-79.19852891,-2.07724200,0.08035523
-79.09852891,-2.08136200,0.07992797
-78.99852892,-2.08471900,0.07934812
-78.89852893,-2.08807600,0.07852413
-78.79852893,-2.09189100,0.07824945
-78.69852894,-2.09646900,0.07730339
-78.59852894,-2.09799500,0.07675405
-78.49852895,-2.10196200,0.07647938
-78.39852896,-2.10516700,0.07556383
-78.29852896,-2.10867600,0.07507554
-78.19852897,-2.11203300,0.07446516
-78.09852897,-2.11600100,0.07391583
-77.99852898,-2.11813700,0.07373272
-77.89852899,-2.12317300,0.07254250
-77.79852899,-2.12515600,0.07235938
-77.69852900,-2.12881900,0.07190160
-77.59852900,-2.13110800,0.07150487
-77.49852901,-2.13477000,0.07086398
-77.39852902,-2.13827900,0.07013153
-77.29852902,-2.14285700,0.06933805
-77.19852903,-2.14468800,0.06918546
-77.09852903,-2.14804500,0.06826991
-76.99852904,-2.15033400,0.06793420
-76.89852904,-2.15521700,0.06698813
-76.79852905,-2.15750600,0.06668294
-76.69852906,-2.16086300,0.06579791
-76.59852906,-2.16330500,0.06555375
-76.49852907,-2.16757700,0.06482132
-76.39852907,-2.17032400,0.06402783
-76.29852908,-2.17322300,0.06363109
-76.19852909,-2.17642800,0.06344798
-76.09852909,-2.17886900,0.06253242
-75.99852910,-2.18283600,0.06210517
-75.89852910,-2.18558300,0.06131168
-75.79852911,-2.18802500,0.06064028
-75.69852912,-2.19107600,0.06036561
-75.59852912,-2.19367100,0.05969420
-75.49852913,-2.19718000,0.05908383
-75.39852913,-2.20099500,0.05868709
-75.29852914,-2.20252100,0.05813776
-75.19852915,-2.20587800,0.05746635
-75.09852915,-2.20877700,0.05716117
-74.99852916,-2.21213400,0.05609302
-74.89852916,-2.21442300,0.05572680
-74.79852917,-2.21762800,0.05505539
-74.69852918,-2.22022200,0.05441450
-74.59852918,-2.22357900,0.05365154
-74.49852919,-2.22586800,0.05304117
-74.39852919,-2.22907200,0.05261391
-74.29852920,-2.23075100,0.05206458
-74.19852921,-2.23273400,0.05163732
-74.09852921,-2.23700700,0.05102695
-73.99852922,-2.23883800,0.05069124
-73.89852922,-2.24158500,0.04971465
-73.79852923,-2.24509400,0.04922635
-73.69852923,-2.24768800,0.04864650
-73.59852924,-2.25104500,0.04785302
-73.49852925,-2.25211300,0.04730369
-73.39852925,-2.25577600,0.04693747
-73.29852926,-2.25745400,0.04632710
-73.19852926,-2.25943800,0.04583880
-73.09852927,-2.26233700,0.04541154
-72.99852928,-2.26462600,0.04437391
-72.89852928,-2.26752500,0.04376354
-72.79852929,-2.26905100,0.04321421
-72.69852929,-2.27225600,0.04254280
-72.59852930,-2.27485000,0.04239021
-72.49852931,-2.27835900,0.04126102
-72.39852931,-2.27973300,0.04043702
-72.29852932,-2.28202200,0.04055910
-72.19852932,-2.28415800,0.03958251
-72.09852933,-2.28644700,0.03939940
-71.99852934,-2.28812500,0.03869747
-71.89852934,-2.29056700,0.03756829
-71.79852935,-2.29392400,0.03738517
-71.69852935,-2.29560200,0.03680532
-71.59852936,-2.29819600,0.03607288
-71.49852937,-2.30018000,0.03564562
-71.39852937,-2.30246900,0.03488266
-71.29852938,-2.30475800,0.03430280
-71.19852938,-2.30628400,0.03366192
-71.09852939,-2.30781000,0.03335673
-70.99852940,-2.31101400,0.03238014
-70.89852940,-2.31345600,0.03204443
-70.79852941,-2.31513400,0.03137303
-70.69852941,-2.31757600,0.03070162
-70.59852942,-2.32017000,0.02996918
-70.49852942,-2.32123800,0.02966399
-70.39852943,-2.32322100,0.02883999
-70.29852944,-2.32520500,0.02835169
-70.19852944,-2.32642600,0.02792444
-70.09852945,-2.32871500,0.02752770
-69.99852945,-2.33039300,0.02661214
-69.89852946,-2.33314000,0.02624592
-69.79852947,-2.33420800,0.02517777
-69.69852947,-2.33619200,0.02423170
-69.59852948,-2.33832800,0.02417066
-69.49852948,-2.34000700,0.02352977
-69.39852949,-2.34199000,0.02288888
-69.29852950,-2.34397400,0.02218696
-69.19852950,-2.34595800,0.02166814
-69.09852951,-2.34778900,0.02139347
-68.99852951,-2.34885700,0.02053896
-68.89852952,-2.35068800,0.02020325
-68.79852953,-2.35297700,0.01916562
-68.69852953,-2.35435000,0.01852474
-68.59852954,-2.35557100,0.01818903
-68.49852954,-2.35740200,0.01760918
-68.39852955,-2.35877600,0.01705985
-68.29852956,-2.36091200,0.01635792
-68.19852956,-2.36213300,0.01565599
-68.09852957,-2.36304800,0.01513718
-67.99852957,-2.36533700,0.01440474
-67.89852958,-2.36732100,0.01394696
-67.79852959,-2.36854100,0.01327555
-67.69852959,-2.36945700,0.01266518
-67.59852960,-2.37159300,0.01211585
-67.49852960,-2.37250900,0.01138340
-67.39852961,-2.37357700,0.01110874
-67.29852961,-2.37510300,0.01055940
-67.19852962,-2.37662900,0.00985748
-67.09852963,-2.37800200,0.00906400
-66.99852963,-2.38044400,0.00836207
-66.89852964,-2.38197000,0.00802637
-66.79852964,-2.38273300,0.00735496
-66.69852965,-2.38364800,0.00656148
-66.59852966,-2.38578400,0.00598163
-66.49852966,-2.38593700,0.00561541
-66.39852967,-2.38731100,0.00503555
-66.29852967,-2.38914200,0.00445570
-66.19852968,-2.39082000,0.00360118
-66.09852969,-2.39204100,0.00308237
-65.99852969,-2.39280400,0.00241096
-65.89852970,-2.39494000,0.00219733
-65.79852970,-2.39448200,0.00122074
-65.69852971,-2.39539800,0.00051881
-65.59852972,-2.39707600,0.00015259
-65.49852972,-2.39875500,-0.00073244
-65.39852973,-2.39890700,-0.00103763
-65.29852973,-2.39951800,-0.00204474
-65.19852974,-2.40058600,-0.00216681
-65.09852975,-2.40257000,-0.00292978
-64.99852975,-2.40287500,-0.00357067
-64.89852976,-2.40363800,-0.00408948
-64.79852976,-2.40531600,-0.00497452
-64.69852977,-2.40607900,-0.00503555
-64.59852978,-2.40669000,-0.00640889
-64.49852978,-2.40714700,-0.00634785
-64.39852979,-2.40775800,-0.00692770
-64.29852979,-2.41004700,-0.00811792
-64.19852980,-2.41035200,-0.00799585
-64.09852980,-2.41172500,-0.00921659
-63.99852981,-2.41172500,-0.00946074
-63.89852982,-2.41325100,-0.01004059
-63.79852982,-2.41340400,-0.01129185
-63.69852983,-2.41477700,-0.01132237
-63.59852983,-2.41447200,-0.01205481
-63.49852984,-2.41538700,-0.01239051
-63.39852985,-2.41615000,-0.01327555
-63.29852985,-2.41615000,-0.01388592
-63.19852986,-2.41782900,-0.01455733
-63.09852986,-2.41843900,-0.01492355
-62.99852987,-2.41798100,-0.01574755
-62.89852988,-2.41874500,-0.01632740
-62.79852988,-2.42057600,-0.01690725
-62.69852989,-2.42057600,-0.01760918
-62.59852989,-2.42057600,-0.01806696
-62.49852990,-2.42133900,-0.01843318
-62.39852991,-2.42133900,-0.01947081
-62.29852991,-2.42317000,-0.01995911
-62.19852992,-2.42118600,-0.02029481
-62.09852992,-2.42271200,-0.02078310
-61.99852993,-2.42301700,-0.02151555
-61.89852994,-2.42362700,-0.02218696
-61.79852994,-2.42408500,-0.02291940
-61.69852995,-2.42469500,-0.02334666
-61.59852995,-2.42469500,-0.02414014
-61.49852996,-2.42591600,-0.02471999
-61.39852997,-2.42530600,-0.02536088
-61.29852997,-2.42530600,-0.02569658
-61.19852998,-2.42606900,-0.02655110
-61.09852998,-2.42591600,-0.02706992
-60.99852999,-2.42652700,-0.02752770
-60.89852999,-2.42652700,-0.02829066
-60.79853000,-2.42713700,-0.02883999
-60.69853001,-2.42652700,-0.02941984
-60.59853001,-2.42606900,-0.02999970
-60.49853002,-2.42744200,-0.03118992
-60.39853002,-2.42713700,-0.03109836
-60.29853003,-2.42698500,-0.03189184
-60.19853004,-2.42667900,-0.03256325
-60.09853004,-2.42729000,-0.03332621
-59.99853005,-2.42698500,-0.03378399
-59.89853005,-2.42667900,-0.03424177
-59.79853006,-2.42713700,-0.03491317
-59.69853007,-2.42713700,-0.03573718
-59.59853007,-2.42637400,-0.03585925
-59.49853008,-2.42759500,-0.03653065
-59.39853008,-2.42729000,-0.03723258
-59.29853009,-2.42576400,-0.03753777
-59.19853010,-2.42667900,-0.03839228
-59.09853010,-2.42667900,-0.03881954
-58.99853011,-2.42622200,-0.03842280
-58.89853011,-2.42652700,-0.04068117
-58.79853012,-2.42515300,-0.04144414
-58.69853013,-2.42637400,-0.04199347
-58.59853013,-2.42591600,-0.04159673
-58.49853014,-2.42439000,-0.04245125
-58.39853014,-2.42378000,-0.04333628
-58.29853015,-2.42439000,-0.04382458
-58.19853016,-2.42393300,-0.04440443
-58.09853016,-2.42469500,-0.04507584
-57.99853017,-2.42362700,-0.04544206
-57.89853017,-2.42317000,-0.04614399
-57.79853018,-2.42332200,-0.04702902
-57.69853018,-2.42240700,-0.04730369
-57.59853019,-2.42133900,-0.04809717
-57.49853020,-2.42210100,-0.04867702
-57.39853020,-2.42240700,-0.05011139
-57.29853021,-2.42103300,-0.05047762
-57.19853021,-2.42103300,-0.04971465
-57.09853022,-2.42057600,-0.05069124
-56.99853023,-2.41874500,-0.05194250
-56.89853023,-2.41843900,-0.05185095
-56.79853024,-2.41752400,-0.05258339
-56.69853024,-2.41828700,-0.05346843
-56.59853025,-2.41691300,-0.05401776
-56.49853026,-2.41660800,-0.05459761
-56.39853026,-2.41569300,-0.05471969
-56.29853027,-2.41477700,-0.05560473
-56.19853027,-2.41355600,-0.05609302
-56.09853028,-2.41172500,-0.05676443
-55.99853029,-2.41203000,-0.05749687
-55.89853029,-2.41187800,-0.05792413
-55.79853030,-2.41035200,-0.05841243
-55.69853030,-2.41004700,-0.05929746
-55.59853031,-2.41035200,-0.05969420
-55.49853032,-2.40684200,-0.06048769
-55.39853032,-2.40669000,-0.06094546
-55.29853033,-2.40653700,-0.06164739
-55.19853033,-2.40607900,-0.06195258
-55.09853034,-2.40440100,-0.06244087
-54.99853035,-2.40409600,-0.06320383
-54.89853035,-2.40241700,-0.06366161
-54.79853036,-2.40165400,-0.06411939
-54.69853036,-2.40119600,-0.06466872
-54.59853037,-2.39997600,-0.06555375
-54.49853037,-2.40012800,-0.06598102
-54.39853038,-2.39753400,-0.06662191
-54.29853039,-2.39661900,-0.06723227
-54.19853039,-2.39509300,-0.06759850
-54.09853040,-2.39448200,-0.06830043
-53.99853040,-2.39280400,-0.06888027
-53.89853041,-2.39249800,-0.06939909
-53.79853042,-2.39051500,-0.07007050
-53.69853042,-2.39005700,-0.07074191
-53.59853043,-2.38837900,-0.07101657
-53.49853043,-2.38731100,-0.07135227
-53.39853044,-2.38547900,-0.07272561
-53.29853045,-2.38334300,-0.07278664
-53.19853045,-2.38288500,-0.07345805
-53.09853046,-2.38151200,-0.07415998
-52.99853046,-2.38074900,-0.07458724
-52.89853047,-2.37937600,-0.07535020
-52.79853048,-2.37785000,-0.07559435
-52.69853048,-2.37617100,-0.07629627
-52.59853049,-2.37434000,-0.07690664
-52.49853049,-2.37434000,-0.07766961
-52.39853050,-2.37266200,-0.07776116
-52.29853051,-2.37113500,-0.07837153
-52.19853051,-2.36976200,-0.07898191
-52.09853052,-2.36793100,-0.07974487
-51.99853052,-2.36579500,-0.07983642
-51.89853053,-2.36472700,-0.08093509
-51.79853054,-2.36228500,-0.08145390
-51.69853054,-2.36091200,-0.08188116
-51.59853055,-2.35984400,-0.08276620
-51.49853055,-2.35709700,-0.08291879
-51.39853056,-2.35602900,-0.08352916
-51.29853056,-2.35541800,-0.08444472
-51.19853057,-2.35267200,-0.08453627
-51.09853058,-2.35160400,-0.08526871
-50.99853058,-2.34946800,-0.08560442
-50.89853059,-2.34733100,-0.08639790
-50.79853059,-2.34626300,-0.08679464
-50.69853060,-2.34489000,-0.08746605
-50.59853061,-2.34305900,-0.08789331
-50.49853061,-2.34138000,-0.08844264
-50.39853062,-2.33939600,-0.08902249
-50.29853062,-2.33634400,-0.08975494
-50.19853063,-2.33436100,-0.09036531
-50.09853064,-2.33314000,-0.09094515
-49.99853064,-2.33207200,-0.09131138
-49.89853065,-2.33054600,-0.09173864
-49.79853065,-2.32825700,-0.09228797
-49.69853066,-2.32657900,-0.09305093
-49.59853067,-2.32520500,-0.09375286
-49.49853067,-2.32200100,-0.09393597
-49.39853068,-2.32001700,-0.09485152
-49.29853068,-2.31849100,-0.09540086
-49.19853069,-2.31620200,-0.09579760
-49.09853070,-2.31391300,-0.09646901
-48.99853070,-2.31177700,-0.09686575
-48.89853071,-2.30964100,-0.09723197
-48.79853071,-2.30887800,-0.09778130
-48.69853072,-2.30613100,-0.09842219
-48.59853073,-2.30414700,-0.09909360
-48.49853073,-2.30033300,-0.09939878
-48.39853074,-2.29926400,-0.09988708
-48.29853074,-2.29697600,-0.10058900
-48.19853075,-2.29499200,-0.10086370
-48.09853075,-2.29239800,-0.10156560
-47.99853076,-2.29056700,-0.10223700
-47.89853077,-2.28690500,-0.10260320
-47.79853077,-2.28583600,-0.10318310
-47.69853078,-2.28370000,-0.10403760
-47.59853078,-2.28156400,-0.10422070
-47.49853079,-2.27927500,-0.10504470
-47.39853080,-2.27668100,-0.10553300
-47.29853080,-2.27362900,-0.10589920
-47.19853081,-2.27225600,-0.10635700
-47.09853081,-2.26905100,-0.10675370
-46.99853082,-2.26584700,-0.10724200
-46.89853083,-2.26416800,-0.10803550
-46.79853083,-2.26233700,-0.10855430
-46.69853084,-2.25928500,-0.10882900
-46.59853084,-2.25730200,-0.10953090
-46.49853085,-2.25287600,-0.11035490
-46.39853086,-2.25135000,-0.11032440
-46.29853086,-2.24982500,-0.11130100
-46.19853087,-2.24707800,-0.11160620
-46.09853087,-2.24417900,-0.11227760
-45.99853088,-2.24189000,-0.11276590
-45.89853089,-2.23929600,-0.11337630
-45.79853089,-2.23502300,-0.11337630
-45.69853090,-2.23365000,-0.11438340
-45.59853090,-2.23029300,-0.11456650
-45.49853091,-2.22754600,-0.11517690
-45.39853092,-2.22479900,-0.11612290
-45.29853092,-2.22312100,-0.11615340
-45.19853093,-2.21884800,-0.11676380
-45.09853093,-2.21564400,-0.11713000
-44.99853094,-2.21350700,-0.11761830
-44.89853094,-2.21030300,-0.11792350
-44.79853095,-2.20755600,-0.11883910
-44.69853096,-2.20542000,-0.11929690
-44.59853096,-2.20282600,-0.11960200
-44.49853097,-2.20053700,-0.12042600
-44.39853097,-2.19733300,-0.12063970
-44.29853098,-2.19351800,-0.12137210
-44.19853099,-2.19138100,-0.12195200
-44.09853099,-2.18741400,-0.12207400
-43.99853100,-2.18466800,-0.12274540
-43.89853100,-2.18176800,-0.12338630
-43.79853101,-2.17932700,-0.12378310
-43.69853102,-2.17566400,-0.12442400
-43.59853102,-2.17352800,-0.12475970
-43.49853103,-2.16925600,-0.12494280
-43.39853103,-2.16635600,-0.12579730
-43.29853104,-2.16315200,-0.12631610
-43.19853105,-2.15949000,-0.12637720
-43.09853105,-2.15674300,-0.12704860
-42.99853106,-2.15430200,-0.12778100
-42.89853106,-2.15018200,-0.12829980
-42.79853107,-2.14789300,-0.12866600
-42.69853108,-2.14392500,-0.12918490
-42.59853108,-2.14056800,-0.12949000
-42.49853109,-2.13721100,-0.13028350
-42.39853109,-2.13446500,-0.13061920
-42.29853110,-2.13126000,-0.13089390
-42.19853110,-2.12744500,-0.13147370
-42.09853111,-2.12546200,-0.13190100
-41.99853112,-2.12179900,-0.13272500
-41.89853112,-2.11890000,-0.13296910
-41.79853113,-2.11539100,-0.13336590
-41.69853113,-2.11157600,-0.13397630
-41.59853114,-2.10760800,-0.13431200
-41.49853115,-2.10501400,-0.13470870
-41.39853115,-2.10119900,-0.13541060
-41.29853116,-2.09723200,-0.13550220
-41.19853116,-2.09418000,-0.13623460
-41.09853117,-2.09112800,-0.13669240
-40.99853118,-2.08685600,-0.13715020
-40.89853118,-2.08334600,-0.13748590
-40.79853119,-2.08014200,-0.13821830
-40.69853119,-2.07815800,-0.13888970
-40.59853120,-2.07388500,-0.13901180
-40.49853121,-2.06946000,-0.13968320
-40.39853121,-2.06579800,-0.13974430
-40.29853122,-2.06274600,-0.14056830
-40.19853122,-2.06015200,-0.14102600
-40.09853123,-2.05542200,-0.14120910
-39.99853124,-2.05221700,-0.14215520
-39.89853124,-2.04779200,-0.14252140
-39.79853125,-2.04443500,-0.14291820
-39.69853125,-2.04046800,-0.14307080
-39.59853126,-2.03634800,-0.14362010
-39.49853127,-2.03299000,-0.14401680
-39.39853127,-2.02917600,-0.14453570
-39.29853128,-2.02642900,-0.14499340
-39.19853128,-2.02139400,-0.14508500
-39.09853129,-2.01727300,-0.14584800
-38.99853129,-2.01376400,-0.14642780
-38.89853130,-2.00979600,-0.14667200
-38.79853131,-2.00659200,-0.14728230
-38.69853131,-2.00186200,-0.14770960
-38.59853132,-1.99926800,-0.14816740
-38.49853132,-1.99499500,-0.14856410
-38.39853133,-1.99118000,-0.14911340
-38.29853134,-1.98721300,-0.14941860
-38.19853134,-1.98278800,-0.14981540
-38.09853135,-1.97912500,-0.15039520
-37.99853135,-1.97439500,-0.15048680
-37.89853136,-1.97058000,-0.15124970
-37.79853137,-1.96722300,-0.15124970
-37.69853137,-1.96264500,-0.15167700
-37.59853138,-1.95883000,-0.15262310
-37.49853138,-1.95425300,-0.15268410
-37.39853139,-1.94998000,-0.15335550
-37.29853140,-1.94631800,-0.15381330
-37.19853140,-1.94280800,-0.15417950
-37.09853141,-1.93868800,-0.15469830
-36.99853141,-1.93395800,-0.15497300
-36.89853142,-1.92999100,-0.15503400
-36.79853143,-1.92541300,-0.15564440
-36.69853143,-1.92159800,-0.15628530
-36.59853144,-1.91747800,-0.15665150
-36.49853144,-1.91305300,-0.15689570
-36.39853145,-1.90923800,-0.15869620
-36.29853146,-1.90389700,-0.15735340
-36.19853146,-1.90115100,-0.15765860
-36.09853147,-1.89519900,-0.15851310
-35.99853147,-1.89169000,-0.15958130
-35.89853148,-1.88695900,-0.15930660
-35.79853148,-1.88253400,-0.15970340
-35.69853149,-1.87871900,-0.16034420
-35.59853150,-1.87444700,-0.16061890
-35.49853150,-1.87170000,-0.16122930
-35.39853151,-1.86590200,-0.16174810
-35.29853151,-1.86162900,-0.16190070
-35.19853152,-1.85659300,-0.16235850
-35.09853153,-1.85293100,-0.16260260
-34.99853153,-1.84820100,-0.16309090
-34.89853154,-1.84347100,-0.16348770
-34.79853154,-1.83828200,-0.16388440
-34.69853155,-1.83324700,-0.16235850
-34.59853156,-1.83202600,-0.16537980
-34.49853156,-1.82515900,-0.16464740
-34.39853157,-1.82058200,-0.16510510
-34.29853157,-1.81615700,-0.16663110
-34.19853158,-1.81203700,-0.16592910
-34.09853159,-1.80639100,-0.16647850
-33.99853159,-1.80120200,-0.16736350
-33.89853160,-1.79769300,-0.16699730
-33.79853160,-1.79296200,-0.16742450
-33.69853161,-1.78884200,-0.16852320
-33.59853162,-1.78334900,-0.16812650
-33.49853162,-1.77968700,-0.16904200
-33.39853163,-1.77495600,-0.16922510
-33.29853163,-1.77022600,-0.16962190
-33.19853164,-1.76488500,-0.17029330
-33.09853165,-1.76046000,-0.17026280
-32.99853165,-1.75557700,-0.17059850
-32.89853166,-1.75008400,-0.17102570
-32.79853166,-1.74611700,-0.17148350
-32.69853167,-1.74230200,-0.17209390
-32.59853167,-1.73696100,-0.17209390
-32.49853168,-1.73085700,-0.17242960
-32.39853169,-1.72734800,-0.17270420
-32.29853169,-1.72231200,-0.17313150
-32.19853170,-1.71758200,-0.17395550
-32.09853170,-1.71178300,-0.17352820
-31.99853171,-1.70751100,-0.17444380
-31.89853172,-1.70278000,-0.17441330
-31.79853172,-1.69789700,-0.17471850
-31.69853173,-1.69347200,-0.17572560
-31.59853173,-1.68858900,-0.17545090
-31.49853174,-1.68340100,-0.17609180
-31.39853175,-1.67790800,-0.17612230
-31.29853175,-1.67439800,-0.17716000
-31.19853176,-1.66936200,-0.17740410
-31.09853176,-1.66310600,-0.17752620
-30.99853177,-1.65807100,-0.17752620
-30.89853178,-1.65410300,-0.17816710
-30.79853178,-1.64830500,-0.17813650
-30.69853179,-1.64357400,-0.17926570
-30.59853179,-1.63823400,-0.17947940
-30.49853180,-1.63258800,-0.17935730
-30.39853181,-1.62785700,-0.18018130
-30.29853181,-1.62251700,-0.18024230
-30.19853182,-1.61732800,-0.18036440
-30.09853182,-1.61290300,-0.18094420
-29.99853183,-1.60679900,-0.18082220
-29.89853184,-1.60283200,-0.18164620
-29.79853184,-1.59840700,-0.18179880
-29.69853185,-1.59260800,-0.18213450
-29.59853185,-1.58635200,-0.18222600
-29.49853186,-1.58177400,-0.18295850
-29.39853186,-1.57582300,-0.18280590
-29.29853187,-1.57124500,-0.18356880
-29.19853188,-1.56651500,-0.18359940
-29.09853188,-1.56071700,-0.18402660
-28.99853189,-1.55568100,-0.18414870
-28.89853189,-1.55095100,-0.18482010
-28.79853190,-1.54500000,-0.18475910
-28.69853191,-1.54042200,-0.18536940
-28.59853191,-1.53477600,-0.18561360
-28.49853192,-1.52867200,-0.18597980
-28.39853192,-1.52348400,-0.18628500
-28.29853193,-1.51875400,-0.18634600
-28.19853194,-1.51142900,-0.18655960
-28.09853194,-1.50792000,-0.18686480
-27.99853195,-1.50181600,-0.18732260
-27.89853195,-1.49708500,-0.18774990
-27.79853196,-1.49128700,-0.18823820
-27.69853197,-1.48625100,-0.18799400
-27.59853197,-1.48136800,-0.18866540
-27.49853198,-1.47511200,-0.18894010
-27.39853198,-1.46961900,-0.18912320
-27.29853199,-1.46458300,-0.18924530
-27.19853200,-1.45817400,-0.18976410
-27.09853200,-1.45207100,-0.18997770
-26.99853201,-1.44779800,-0.19022190
-26.89853201,-1.44215200,-0.19034390
-26.79853202,-1.43665900,-0.19080170
-26.69853203,-1.43009700,-0.19086280
-26.59853203,-1.42536700,-0.19147310
-26.49853204,-1.41956800,-0.19138160
-26.39853204,-1.41438000,-0.19168680
-26.29853205,-1.40919200,-0.19211400
-26.19853205,-1.40385100,-0.19241920
-26.09853206,-1.39744300,-0.19260230
-25.99853207,-1.39210200,-0.19281590
-25.89853207,-1.38584600,-0.19333480
-25.79853208,-1.37974200,-0.19348730
-25.69853208,-1.37531700,-0.19376200
-25.59853209,-1.37028100,-0.19403670
-25.49853210,-1.36402500,-0.19421980
-25.39853210,-1.35898900,-0.19449450
-25.29853211,-1.35212300,-0.19486070
-25.19853211,-1.34708700,-0.19522690
-25.09853212,-1.34205200,-0.19537950
-24.99853213,-1.33655800,-0.19562370
-24.89853213,-1.32984400,-0.19598990
-24.79853214,-1.32450300,-0.19614250
-24.69853214,-1.31824700,-0.19635610
-24.59853215,-1.31260100,-0.19626450
-24.49853216,-1.30665000,-0.19644760
-24.39853216,-1.30130900,-0.19711910
-24.29853217,-1.29551100,-0.19699700
-24.19853217,-1.28879700,-0.19766840
-24.09853218,-1.28421900,-0.19766840
-23.99853219,-1.27781000,-0.19791250
-23.89853219,-1.27201200,-0.19846190
-23.79853220,-1.26651800,-0.19846190
-23.69853220,-1.26041400,-0.19858390
-23.59853221,-1.25492100,-0.19901120
-23.49853222,-1.24927500,-0.19913330
-23.39853222,-1.24225600,-0.19943850
-23.29853223,-1.23645700,-0.19995730
-23.19853223,-1.23172700,-0.19977420
-23.09853224,-1.22440300,-0.19998780
-22.99853224,-1.21952000,-0.20023190
-22.89853225,-1.21372100,-0.20029300
-22.79853226,-1.20670200,-0.20044560
-22.69853226,-1.20151400,-0.20096440
-22.59853227,-1.19495200,-0.20117800
-22.49853227,-1.18961200,-0.20139160
-22.39853228,-1.18335500,-0.20148320
-22.29853229,-1.17709900,-0.20178840
-22.19853229,-1.17160600,-0.20206310
-22.09853230,-1.16550200,-0.20194100
-21.99853230,-1.15909300,-0.20236820
-21.89853231,-1.15298900,-0.20233770
-21.79853232,-1.14673300,-0.20303960
-21.69853232,-1.14047700,-0.20303960
-21.59853233,-1.13498300,-0.20328380
-21.49853233,-1.12826900,-0.20297860
-21.39853234,-1.12308100,-0.20355850
-21.29853235,-1.11682500,-0.20377210
-21.19853235,-1.11133100,-0.20392470
-21.09853236,-1.10416000,-0.20404680
-20.99853236,-1.09820900,-0.20426040
-20.89853237,-1.09042600,-0.20435190
-20.79853238,-1.08615400,-0.20581680
-20.69853238,-1.07928700,-0.20419930
-20.59853239,-1.07348900,-0.20426040
-20.49853239,-1.06784300,-0.20526750
-20.39853240,-1.06204400,-0.20575580
-20.29853241,-1.05563500,-0.20526750
-20.19853241,-1.05029500,-0.20587790
-20.09853242,-1.04373300,-0.20612200
-19.99853242,-1.03839200,-0.20599990
-19.89853243,-1.03183100,-0.20633560
-19.79853243,-1.02542200,-0.20645770
-19.69853244,-1.01916600,-0.20648820
-19.59853245,-1.01321400,-0.20700710
-19.49853245,-1.00589000,-0.20676290
-19.39853246,-1.00024400,-0.20728170
-19.29853246,-0.99398790,-0.20722070
-19.19853247,-0.98773160,-0.20737330
-19.09853248,-0.98132260,-0.20758690
-18.99853248,-0.97476120,-0.20813620
-18.89853249,-0.96789460,-0.20596940
-18.79853249,-0.96346930,-0.20889920
-18.69853250,-0.95568710,-0.20722070
-18.59853251,-0.94973600,-0.20703760
-18.49853251,-0.94347970,-0.20978420
-18.39853252,-0.93752860,-0.20789210
-18.29853252,-0.92989900,-0.20862450
-18.19853253,-0.92471080,-0.20932650
-18.09853254,-0.91708120,-0.20883820
-17.99853254,-0.91204570,-0.20944850
-17.89853255,-0.90517900,-0.20926540
-17.79853255,-0.89892270,-0.20923490
-17.69853256,-0.89251380,-0.20990630
-17.59853257,-0.88625750,-0.20966220
-17.49853257,-0.88015380,-0.20975370
-17.39853258,-0.87389750,-0.21005890
-17.29853258,-0.86687830,-0.21024200
-17.19853259,-0.85940120,-0.20984530
-17.09853260,-0.85360270,-0.21060820
-16.99853260,-0.84643080,-0.21048620
-16.89853261,-0.84109010,-0.21069980
-16.79853261,-0.83391830,-0.21115760
-16.69853262,-0.82796720,-0.21085240
-16.59853262,-0.82125310,-0.21100500
-16.49853263,-0.81530200,-0.21112700
-16.39853264,-0.80935080,-0.21118810
-16.29853264,-0.80156860,-0.21121860
-16.19853265,-0.79531230,-0.21140170
-16.09853265,-0.78875090,-0.21109650
-15.99853266,-0.78264720,-0.21170690
-15.89853267,-0.77608570,-0.21182900
-15.79853267,-0.76815090,-0.21137120
-15.69853268,-0.76265750,-0.21152380
-15.59853268,-0.75655380,-0.21268350
-15.49853269,-0.74953460,-0.21268350
-15.39853270,-0.74388870,-0.21176790
-15.29853270,-0.73641160,-0.21198160
-15.19853271,-0.73015530,-0.21271400
-15.09853271,-0.72359380,-0.21323280
-14.99853272,-0.71733750,-0.21228680
-14.89853273,-0.71077610,-0.21231730
-14.79853273,-0.70497760,-0.21286660
-14.69853274,-0.69963680,-0.21326330
-14.59853274,-0.69170200,-0.21320230
-14.49853275,-0.68453010,-0.21225620
-14.39853276,-0.67903690,-0.21268350
-14.29853276,-0.67232280,-0.21344650
-14.19853277,-0.66576130,-0.21372110
-14.09853277,-0.65935240,-0.21301920
-13.99853278,-0.65187540,-0.21274450
-13.89853279,-0.64607690,-0.21387370
-13.79853279,-0.63859980,-0.21396530
-13.69853280,-0.63234350,-0.21366010
-13.59853280,-0.62517170,-0.21286660
-13.49853281,-0.61784720,-0.21308020
-13.39853281,-0.61204870,-0.21387370
-13.29853282,-0.60579240,-0.21414840
-13.19853283,-0.59846790,-0.21372110
-13.09853283,-0.59175390,-0.21347700
-12.99853284,-0.58595540,-0.21436200
-12.89853284,-0.57954650,-0.21436200
-12.79853285,-0.57176430,-0.21408730
-12.69853286,-0.56581320,-0.21362960
-12.59853286,-0.55925170,-0.21393470
-12.49853287,-0.55238500,-0.21460620
-12.39853287,-0.54612870,-0.21488080
-12.29853288,-0.53895690,-0.21396530
-12.19853289,-0.53209020,-0.21423990
-12.09853289,-0.52491840,-0.21463670
-11.99853290,-0.51942500,-0.21469770
-11.89853290,-0.51194800,-0.21463670
-11.79853291,-0.50553910,-0.21408730
-11.69853292,-0.49775690,-0.21436200
-11.59853292,-0.49089020,-0.21481980
-11.49853293,-0.48478650,-0.21494190
-11.39853293,-0.47807250,-0.21420940
-11.29853294,-0.47105320,-0.21411790
-11.19853295,-0.46540730,-0.21466720
-11.09853295,-0.45823540,-0.21491130
-10.99853296,-0.45182650,-0.21488080
-10.89853296,-0.44404430,-0.21439250
-10.79853297,-0.43687250,-0.21445360
-10.69853298,-0.43031100,-0.21506390
-10.59853298,-0.42359690,-0.21466720
-10.49853299,-0.41734060,-0.21442300
-10.39853299,-0.40986360,-0.21457560
-10.29853300,-0.40482800,-0.21485030
-10.19853300,-0.39780880,-0.21527760
-10.09853301,-0.39048430,-0.21500290
-9.99853302,-0.38270210,-0.21439250
-9.89853302,-0.37705620,-0.21491130
-9.79853303,-0.37079990,-0.21515550
-9.69853303,-0.36378060,-0.21524700
-9.59853304,-0.35630360,-0.21463670
-9.49853305,-0.34882660,-0.21454510
-9.39853305,-0.34302800,-0.21481980
-9.29853306,-0.33753470,-0.21515550
-9.19853306,-0.32883690,-0.21478930
-9.09853307,-0.32197030,-0.21463670
-8.99853308,-0.31601920,-0.21478930
-8.89853308,-0.30930510,-0.21475880
-8.79853309,-0.30228590,-0.21491130
-8.69853309,-0.29526660,-0.21445360
-8.59853310,-0.28901030,-0.21439250
-8.49853311,-0.28168580,-0.21463670
-8.39853311,-0.27558210,-0.21500290
-8.29853312,-0.26825770,-0.21448410
-8.19853312,-0.26154360,-0.21420940
-8.09853313,-0.25528730,-0.21439250
-7.99853314,-0.24781030,-0.21442300
-7.89853314,-0.24124880,-0.21457560
-7.79853315,-0.23422960,-0.21463670
-7.69853315,-0.22782070,-0.21436200
-7.59853316,-0.22125920,-0.21478930
-7.49853317,-0.21485030,-0.21466720
-7.39853317,-0.20691550,-0.21430100
-7.29853318,-0.19959110,-0.21399580
-7.19853318,-0.19333480,-0.21414840
-7.09853319,-0.18723100,-0.21448410
-6.99853319,-0.17899110,-0.21445360
-6.89853320,-0.17288740,-0.21326330
-6.79853321,-0.16571550,-0.21481980
-6.69853321,-0.15900140,-0.21414840
-6.59853322,-0.15213480,-0.21378220
-6.49853322,-0.14526810,-0.21414840
-6.39853323,-0.13870660,-0.21347700
-6.29853324,-0.13122960,-0.21366010
-6.19853324,-0.12375260,-0.21362960
-6.09853325,-0.11810660,-0.21475880
-5.99853325,-0.10971400,-0.21213420
-5.89853326,-0.10391550,-0.21369060
-5.79853327,-0.09781183,-0.21359900
-5.69853327,-0.09048738,-0.21347700
-5.59853328,-0.08362071,-0.21329390
-5.49853328,-0.07568590,-0.21298870
-5.39853329,-0.06973480,-0.21298870
-5.29853330,-0.06317332,-0.21326330
-5.19853330,-0.05661184,-0.21317180
-5.09853331,-0.04928739,-0.21283610
-4.99853331,-0.04272591,-0.21277510
-4.89853332,-0.03585925,-0.21231730
-4.79853333,-0.02929777,-0.21271400
-4.69853333,-0.02243111,-0.21237830
-4.59853334,-0.01434370,-0.21262240
-4.49853334,-0.00762963,-0.21234780
-4.39853335,-0.00030519,-0.21225620
-4.29853336,0.00473037,-0.21253090
-4.19853336,0.01327555,-0.21189000
-4.09853337,0.01937925,-0.21189000
-3.99853337,0.02548296,-0.21189000
-3.89853338,0.03234962,-0.21176790
-3.79853338,0.03967406,-0.21134070
-3.69853339,0.04715110,-0.21137120
-3.59853340,0.05401776,-0.21152380
-3.49853340,0.06073184,-0.21146280
-3.39853341,0.06683554,-0.21137120
-3.29853341,0.07354961,-0.21091340
-3.19853342,0.08148442,-0.21069980
-3.09853343,0.08697775,-0.21115760
-2.99853343,0.09460738,-0.21060820
-2.89853344,0.10162660,-0.21042510
-2.79853344,0.10788290,-0.21063870
-2.69853345,0.11505480,-0.21030310
-2.59853346,0.12085330,-0.21051670
-2.49853346,0.12970370,-0.21073030
-2.39853347,0.13443400,-0.21011990
-2.29853347,0.14282660,-0.20993680
-2.19853348,0.14999850,-0.20972320
-2.09853349,0.15625480,-0.20947900
-1.99853349,0.16342660,-0.20935700
-1.89853350,0.16922510,-0.20969270
-1.79853350,0.17731250,-0.20899080
-1.69853351,0.18326360,-0.20932650
-1.59853352,0.19058810,-0.20889920
-1.49853352,0.19775990,-0.20920440
-1.39853353,0.20432140,-0.20844140
-1.29853353,0.21118810,-0.20874660
-1.19853354,0.21851250,-0.20819730
-1.09853355,0.22446360,-0.20789210
-0.99853355,0.23178810,-0.20789210
-0.89853356,0.23926510,-0.20834990
-0.79853356,0.24521620,-0.20767850
-0.69853357,0.25254070,-0.20764790
-0.59853357,0.25879700,-0.20752590
-0.49853358,0.26596880,-0.20682390
-0.39853359,0.27237770,-0.20743430
-0.29853359,0.27878660,-0.20709860
-0.19853360,0.28427990,-0.20691550
-0.09853360,0.28962070,-0.20715960
0.00146639,0.30014950,-0.20603050
0.10146638,0.30610060,-0.20651880
0.20146638,0.31311990,-0.20621360
0.30146637,0.31998660,-0.20587790
0.40146637,0.32685320,-0.20603050
0.50146636,0.33295690,-0.20542010
0.60146635,0.33921320,-0.20593890
0.70146635,0.34714800,-0.20508440
0.80146634,0.35355690,-0.20514540
0.90146634,0.36042360,-0.20502330
1.00146633,0.36744280,-0.20465710
1.10146632,0.37354650,-0.20480970
1.20146632,0.38102360,-0.20450450
1.30146631,0.38819550,-0.20371100
1.40146631,0.39399390,-0.20447400
1.50146630,0.40147100,-0.20349740
1.60146629,0.40787990,-0.20343640
1.70146629,0.41444130,-0.20343640
1.80146628,0.42023990,-0.20322280
1.90146628,0.42771690,-0.20334480
2.00146627,0.43397320,-0.20303960
2.10146627,0.44145020,-0.20230720
2.20146626,0.44831690,-0.20191050
2.30146625,0.45457320,-0.20249030
2.40146625,0.46205020,-0.20218510
2.50146624,0.46800130,-0.20172730
2.60146624,0.47502060,-0.20191050
2.70146623,0.48234500,-0.20114750
2.80146622,0.48905910,-0.20120850
2.90146622,0.49470510,-0.20142220
3.00146621,0.50263980,-0.20072020
3.10146621,0.50843830,-0.20068970
3.20146620,0.51530500,-0.20001830
3.30146619,0.52217170,-0.19980470
3.40146619,0.52934350,-0.20007940
3.50146618,0.53529470,-0.20044560
3.60146618,0.54170350,-0.19983520
3.70146617,0.54841760,-0.19898070
3.80146616,0.55696280,-0.19858390
3.90146616,0.56260870,-0.19913330
4.00146615,0.56855980,-0.19840080
4.10146615,0.57603690,-0.19818720
4.20146614,0.58290350,-0.19821770
4.30146613,0.58900730,-0.19769890
4.40146613,0.59694210,-0.19644760
4.50146612,0.60289320,-0.19574570
4.60146612,0.60792870,-0.19812620
4.70146611,0.61525320,-0.19632560
4.80146610,0.62166200,-0.19635610
4.90146610,0.62868130,-0.19684440
5.00146609,0.63539530,-0.19611190
5.10146609,0.64241460,-0.19583730
5.20146608,0.64912870,-0.19531850
5.30146608,0.65431680,-0.19528790
5.40146607,0.66148870,-0.19504380
5.50146606,0.66789760,-0.19510480
5.60146606,0.67491690,-0.19452500
5.70146605,0.68056270,-0.19428080
5.80146605,0.68712430,-0.19415880
5.90146604,0.69444870,-0.19379250
6.00146603,0.70131530,-0.19367050
6.10146603,0.70772420,-0.19312110
6.20146602,0.71398060,-0.19333480
6.30146602,0.72008420,-0.19296850
6.40146601,0.72679830,-0.19254130
6.50146600,0.73274940,-0.19226660
6.60146600,0.74022640,-0.19180880
6.70146599,0.74709310,-0.19193090
6.80146599,0.75319680,-0.19159520
6.90146598,0.76006350,-0.19147310
7.00146597,0.76647230,-0.19055760
7.10146597,0.77318640,-0.19055760
7.20146596,0.77974790,-0.19031340
7.30146596,0.78554640,-0.19043550
7.40146595,0.79256570,-0.18961150
7.50146594,0.79912720,-0.18939790
7.60146594,0.80553600,-0.18906220
7.70146593,0.81133460,-0.18915370
7.80146593,0.81759090,-0.18857390
7.90146592,0.82384720,-0.18823820
8.00146591,0.83086640,-0.18793300
8.10146591,0.83742790,-0.18768880
8.20146590,0.84398940,-0.18726160
8.30146590,0.84994050,-0.18698690
8.40146589,0.85604420,-0.18671220
8.50146589,0.86291090,-0.18637650
8.60146588,0.86916710,-0.18616290
8.70146587,0.87618640,-0.18585770
8.80146587,0.88244270,-0.18570510
8.90146586,0.88930930,-0.18543050
9.00146586,0.89541300,-0.18515580
9.10146585,0.90121160,-0.18469800
9.20146584,0.90777310,-0.18430130
9.30146584,0.91418190,-0.18405710
9.40146583,0.92059080,-0.18396560
9.50146583,0.92654190,-0.18359940
9.60146582,0.93340860,-0.18314160
9.70146581,0.93890200,-0.18283640
9.80146581,0.94592120,-0.18240910
9.90146580,0.95171970,-0.18195140
10.00146580,0.95889160,-0.18185980
10.10146579,0.96469010,-0.18164620
10.20146578,0.97109900,-0.18121890
10.30146578,0.97705010,-0.18103580
10.40146577,0.98315380,-0.18066960
10.50146577,0.99017300,-0.18036440
10.60146576,0.99612410,-0.17932680
10.70146575,1.00299100,-0.17926570
10.80146575,1.00940000,-0.17917420
10.90146574,1.01428300,-0.17905210
11.00146574,1.02069200,-0.17908260
11.10146573,1.02816900,-0.17740410
11.20146572,1.03381500,-0.17831960
11.30146572,1.03946000,-0.17752620
11.40146571,1.04464900,-0.17740410
11.50146571,1.05075200,-0.17700730
11.60146570,1.05807700,-0.17636650
11.70146570,1.06418000,-0.17603080
11.80146569,1.07074200,-0.17584760
11.90146568,1.07638800,-0.17560350
12.00146568,1.08188100,-0.17499310
12.10146567,1.08813800,-0.17496260
12.20146567,1.09454600,-0.17426070
12.30146566,1.10004000,-0.17404710
12.40146565,1.10599100,-0.17368080
12.50146565,1.11316300,-0.17349770
12.60146564,1.11957200,-0.17313150
12.70146564,1.12460700,-0.17246010
12.80146563,1.13116900,-0.17215490
12.90146562,1.13757700,-0.17160560
13.00146562,1.14352900,-0.17142250
13.10146561,1.15009000,-0.17069000
13.20146561,1.15497300,-0.17130040
13.30146560,1.16107700,-0.17020170
13.40146559,1.16763800,-0.17014070
13.50146559,1.17297900,-0.17004910
13.60146558,1.17954000,-0.16937770
13.70146558,1.18533900,-0.16940820
13.80146557,1.19129000,-0.16852320
13.90146556,1.19769900,-0.16821800
14.00146556,1.20334500,-0.16776030
14.10146555,1.20883800,-0.16797390
14.20146555,1.21417900,-0.16797390
14.30146554,1.22150300,-0.16708880
14.40146553,1.22714900,-0.16583760
14.50146553,1.23416900,-0.16583760
14.60146552,1.23905100,-0.16595970
14.70146552,1.24424000,-0.16534930
14.80146551,1.25080100,-0.16473890
14.90146551,1.25721000,-0.16409800
15.00146550,1.26255100,-0.16373180
15.10146549,1.26804400,-0.16351820
15.20146549,1.27353700,-0.16452530
15.30146548,1.28070900,-0.16156500
15.40146548,1.28559200,-0.16290780
15.50146547,1.29123800,-0.16217540
15.60146546,1.29749400,-0.16144290
15.70146546,1.30253000,-0.16144290
15.80146545,1.30878600,-0.16092410
15.90146545,1.31489000,-0.16025270
16.00146544,1.31992600,-0.16010010
16.10146543,1.32694500,-0.15979490
16.20146543,1.33167500,-0.15894040
16.30146542,1.33823700,-0.15872680
16.40146542,1.34281400,-0.15823850
16.50146541,1.34922300,-0.15781120
16.60146540,1.35486900,-0.15771970
16.70146540,1.36097300,-0.15659050
16.80146539,1.36448300,-0.15680410
16.90146539,1.37119700,-0.15662100
17.00146538,1.37775800,-0.15579700
17.10146537,1.38309900,-0.15558340
17.20146537,1.38889700,-0.15521710
17.30146536,1.39378000,-0.15445420
17.40146536,1.40018900,-0.15405740
17.50146535,1.40598800,-0.15366070
17.60146534,1.41071800,-0.15326400
17.70146534,1.41743200,-0.15286720
17.80146533,1.42155200,-0.15292820
17.90146533,1.42902900,-0.15195170
18.00146532,1.43421700,-0.15189060
18.10146532,1.43940500,-0.15149390
18.20146531,1.44550900,-0.15070040
18.30146530,1.44962900,-0.15018160
18.40146530,1.45542800,-0.15015110
18.50146529,1.46137900,-0.14941860
18.60146529,1.46717700,-0.14886930
18.70146528,1.47129700,-0.14883880
18.80146527,1.47785900,-0.14795370
18.90146527,1.48167400,-0.14786220
19.00146526,1.48777700,-0.14740440
19.10146526,1.49433900,-0.14700770
19.20146525,1.49845900,-0.14645830
19.30146524,1.50425700,-0.14600050
19.40146524,1.50914000,-0.14569540
19.50146523,1.51432800,-0.14526810
19.60146523,1.52073700,-0.14477980
19.70146522,1.52516200,-0.14420000
19.80146521,1.53080800,-0.14362010
19.90146521,1.53614900,-0.14322340
20.00146520,1.54179500,-0.14267400
20.10146520,1.54683100,-0.14267400
20.20146519,1.55186600,-0.14169740
20.30146518,1.55736000,-0.14154480
20.40146518,1.56361600,-0.14081240
20.50146517,1.56758300,-0.14084290
20.60146517,1.57292400,-0.14004940
20.70146516,1.57887500,-0.13956110
20.80146515,1.58391100,-0.13895080
20.90146515,1.58894600,-0.13876770
21.00146514,1.59276100,-0.13870660
21.10146514,1.59855900,-0.13773000
21.20146513,1.60420500,-0.13733330
21.30146513,1.60924100,-0.13672290
21.40146512,1.61412400,-0.13647880
21.50146511,1.61885400,-0.13608200
21.60146511,1.62419500,-0.13565480
21.70146510,1.63029900,-0.13495280
21.80146510,1.63502900,-0.13473920
21.90146509,1.64082800,-0.13422040
22.00146508,1.64433700,-0.13345740
22.10146508,1.65074600,-0.13321330
22.20146507,1.65486600,-0.13263340
22.30146507,1.66051200,-0.13223670
22.40146506,1.66493700,-0.13168740
22.50146505,1.66921000,-0.13110750
22.60146505,1.67500800,-0.13074130
22.70146504,1.67928100,-0.13040560
22.80146504,1.68431700,-0.12973420
22.90146503,1.68935200,-0.12924590
23.00146502,1.69347200,-0.12918490
23.10146502,1.69850800,-0.12802510
23.20146501,1.70430600,-0.12790310
23.30146501,1.70980000,-0.12759790
23.40146500,1.71392000,-0.12692650
23.50146499,1.71910800,-0.12668230
23.60146499,1.72322800,-0.12619400
23.70146498,1.72902600,-0.12524800
23.80146498,1.73314600,-0.12482070
23.90146497,1.73757100,-0.12448500
24.00146496,1.74245400,-0.12387460
24.10146496,1.74779500,-0.12360000
24.20146495,1.75206800,-0.12283700
24.30146495,1.75679800,-0.12237920
24.40146494,1.76183400,-0.12222660
24.50146494,1.76595400,-0.12149420
24.60146493,1.77129400,-0.12091430
24.70146492,1.77572000,-0.12067020
24.80146492,1.78045000,-0.11972410
24.90146491,1.78548500,-0.11935790
25.00146491,1.78930000,-0.11951050
25.10146490,1.79433600,-0.11819820
25.20146489,1.79967700,-0.11694690
25.30146489,1.80242300,-0.11798460
25.40146488,1.80806900,-0.11703850
25.50146488,1.81310500,-0.11575670
25.60146487,1.81707200,-0.11590930
25.70146486,1.82119200,-0.11536000
25.80146486,1.82470200,-0.11523790
25.90146485,1.83095800,-0.11432230
26.00146485,1.83614600,-0.11371200
26.10146484,1.84011400,-0.11340680
26.20146483,1.84225000,-0.11536000
26.30146483,1.84743800,-0.11157570
26.40146482,1.85369400,-0.11178930
26.50146482,1.85781400,-0.11084320
26.60146481,1.86162900,-0.11059910
26.70146480,1.86513900,-0.11044650
26.80146480,1.87032700,-0.10989720
26.90146479,1.87505700,-0.10928680
27.00146479,1.87963500,-0.10846280
27.10146478,1.88390800,-0.10821860
27.20146477,1.88802800,-0.10785240
27.30146477,1.89230000,-0.10712000
27.40146476,1.89642000,-0.10660120
27.50146476,1.90054000,-0.10617390
27.60146475,1.90511800,-0.10547200
27.70146475,1.90939100,-0.10513630
27.80146474,1.91366300,-0.10440380
27.90146473,1.91717300,-0.10403760
28.00146473,1.92129300,-0.10348830
28.10146472,1.92571800,-0.10272530
28.20146472,1.92938000,-0.10208440
28.30146471,1.93411100,-0.10153510
28.40146470,1.93868800,-0.10116890
28.50146470,1.94204500,-0.10086370
28.60146469,1.94631800,-0.10019230
28.70146469,1.95059000,-0.09973449
28.80146468,1.95410000,-0.09915464
28.90146467,1.95852500,-0.09851375
29.00146467,1.96310300,-0.09793390
29.10146466,1.96630800,-0.09738456
29.20146466,1.96966500,-0.09701834
29.30146465,1.97531100,-0.09616382
29.40146464,1.97790500,-0.09570605
29.50146464,1.98355100,-0.09506515
29.60146463,1.98645000,-0.09506515
29.70146463,1.99102800,-0.09430219
29.80146462,1.99484200,-0.09375286
29.90146461,1.99850500,-0.09317301
30.00146461,2.00140400,-0.09250160
30.10146460,2.00491400,-0.09204382
30.20146460,2.00994900,-0.09152501
30.30146459,2.01284800,-0.09057894
30.40146458,2.01651000,-0.09060945
30.50146458,2.02063100,-0.08960234
30.60146457,2.02520800,-0.08929716
30.70146457,2.02795500,-0.08862575
30.80146456,2.03192200,-0.08819849
30.90146456,2.03558500,-0.08789331
31.00146455,2.03802600,-0.08713035
31.10146454,2.04290900,-0.08651997
31.20146454,2.04580800,-0.08606219
31.30146453,2.05053900,-0.08569597
31.40146453,2.05435300,-0.08468886
31.50146452,2.05832100,-0.08444472
31.60146451,2.06122000,-0.08389539
31.70146451,2.06564500,-0.08304086
31.80146450,2.06900200,-0.08291879
31.90146450,2.07220700,-0.08227790
32.00146449,2.07541100,-0.08175909
32.10146448,2.07937900,-0.08093509
32.20146448,2.08197300,-0.08038575
32.30146447,2.08548200,-0.07989746
32.40146447,2.08853400,-0.07928709
32.50146446,2.09265400,-0.07882931
32.60146445,2.09585900,-0.07849361
32.70146445,2.09952100,-0.07763909
32.80146444,2.10348800,-0.07702872
32.90146444,2.10638800,-0.07635731
33.00146443,2.11020200,-0.07599109
33.10146442,2.11279600,-0.07516709
33.20146442,2.11676400,-0.07492294
33.30146441,2.12103600,-0.07415998
33.40146441,2.12317300,-0.07364117
33.50146440,2.12775000,-0.07293924
33.60146439,2.13034500,-0.07248146
33.70146439,2.13324400,-0.07193213
33.80146438,2.13766900,-0.07123020
33.90146438,2.14072100,-0.07086398
34.00146437,2.14285700,-0.06997894
34.10146437,2.14636700,-0.06991790
34.20146436,2.14941900,-0.06891079
34.30146435,2.15201300,-0.06851406
34.40146435,2.15475900,-0.06817835
34.50146434,2.15811600,-0.06753746
34.60146434,2.16223600,-0.06671346
34.70146433,2.16589900,-0.06631672
34.80146432,2.16864500,-0.06567583
34.90146432,2.17169700,-0.06494339
35.00146431,2.17413900,-0.06442457
35.10146431,2.17627500,-0.06390576
35.20146430,2.18009000,-0.06305124
35.30146429,2.18329400,-0.06259346
35.40146429,2.18604100,-0.06225776
35.50146428,2.18894000,-0.06143376
35.60146428,2.19199200,-0.06091494
35.70146427,2.19519600,-0.06030457
35.80146426,2.19824800,-0.05984680
35.90146426,2.20114800,-0.05908383
36.00146425,2.20313100,-0.05871761
36.10146425,2.20633600,-0.05801569
36.20146424,2.20786200,-0.05853450
36.30146423,2.21152400,-0.05740532
36.40146423,2.21427000,-0.05627613
36.50146422,2.21747500,-0.05533006
36.60146422,2.22006900,-0.05566576
36.70146421,2.22296800,-0.05420087
36.80146420,2.22495200,-0.05401776
36.90146420,2.22785100,-0.05328532
37.00146419,2.23090300,-0.05310221
37.10146419,2.23288700,-0.05246132
37.20146418,2.23700700,-0.04956206
37.30146418,2.23883800,-0.05075228
37.40146417,2.24097400,-0.05056917
37.50146416,2.24356800,-0.04989776
37.60146416,2.24539900,-0.04977569
37.70146415,2.24982500,-0.04834132
37.80146415,2.25150300,-0.04803614
37.90146414,2.25379200,-0.04733421
38.00146413,2.25638600,-0.04693747
38.10146413,2.25852200,-0.04681540
38.20146412,2.26264200,-0.04593036
38.30146412,2.26371000,-0.04477065
38.40146411,2.26584700,-0.04489273
38.50146410,2.26828800,-0.04416028
38.60146410,2.27088200,-0.04336680
38.70146409,2.27286600,-0.04303110
38.80146409,2.27591800,-0.04208503
38.90146408,2.27759600,-0.04162725
39.00146407,2.28003800,-0.04129154
39.10146407,2.28309000,-0.04049806
39.20146406,2.28583600,-0.03976562
39.30146406,2.28797300,-0.03939940
39.40146405,2.29010900,-0.03860591
39.50146404,2.29117700,-0.03814813
39.60146404,2.29392400,-0.03732414
39.70146403,2.29697600,-0.03701895
39.80146403,2.29880700,-0.03631703
39.90146402,2.30155300,-0.03549303
40.00146401,2.30414700,-0.03503525
40.10146401,2.30475800,-0.03509629
40.20146400,2.30689400,-0.03369243
40.30146400,2.30979300,-0.03341777
40.40146399,2.31116700,-0.03295999
40.50146399,2.31315000,-0.03210547
40.60146398,2.31482900,-0.03146458
40.70146397,2.31788100,-0.03097629
40.80146397,2.31879600,-0.03039644
40.90146396,2.32139000,-0.02957243
41.00146396,2.32367900,-0.02920621
41.10146395,2.32535800,-0.02862636
41.20146394,2.32718900,-0.02844325
41.30146394,2.32932500,-0.02737510
41.40146393,2.33039300,-0.02682577
41.50146393,2.33237700,-0.02563555
41.60146392,2.33558200,-0.02545244
41.70146391,2.33756500,-0.02499466
41.80146391,2.33863300,-0.02423170
41.90146390,2.34061700,-0.02352977
42.00146390,2.34153300,-0.02294992
42.10146389,2.34397400,-0.02282785
42.20146388,2.34473700,-0.02218696
42.30146388,2.34641600,-0.02130192
42.40146387,2.34977300,-0.02056948
42.50146387,2.35114600,-0.01986755
42.60146386,2.35190900,-0.01968444
42.70146385,2.35343500,-0.01876888
42.80146385,2.35541800,-0.01837214
42.90146384,2.35786000,-0.01763970
43.00146384,2.35786000,-0.01705985
43.10146383,2.35938600,-0.01641896
43.20146382,2.36121700,-0.01608326
43.30146382,2.36320100,-0.01516770
43.40146381,2.36411600,-0.01455733
43.50146381,2.36579500,-0.01403851
43.60146380,2.36732100,-0.01336711
43.70146380,2.36930400,-0.01290933
43.80146379,2.37067800,-0.01248207
43.90146378,2.37189900,-0.01159703
44.00146378,2.37281400,-0.01077303
44.10146377,2.37388200,-0.01049837
44.20146377,2.37601900,-0.00946074
44.30146376,2.37586600,-0.00939970
44.40146375,2.37861300,-0.00857570
44.50146375,2.37922300,-0.00759911
44.60146374,2.37983300,-0.00735496
44.70146374,2.38212200,-0.00708029
44.80146373,2.38212200,-0.00613422
44.90146372,2.38441100,-0.00570696
45.00146372,2.38471600,-0.00503555
45.10146371,2.38670000,-0.00433363
45.20146371,2.38792100,-0.00390637
45.30146370,2.38837900,-0.00329600
45.40146369,2.38975200,-0.00228889
45.50146369,2.39097300,-0.00173956
45.60146368,2.39234600,-0.00152593
45.70146368,2.39310900,-0.00076296
45.80146367,2.39326100,-0.00030519
45.90146366,2.39478800,0.00042726
46.00146366,2.39722900,0.00112919
46.10146365,2.39722900,0.00173956
46.20146365,2.39875500,0.00204474
46.30146364,2.39906000,0.00283822
46.40146363,2.39997600,0.00357067
46.50146363,2.40119600,0.00427259
46.60146362,2.40195900,0.00451674
46.70146362,2.40241700,0.00524918
46.80146361,2.40348500,0.00589007
46.90146361,2.40470600,0.00662252
47.00146360,2.40501100,0.00714133
47.10146359,2.40653700,0.00778222
47.20146359,2.40669000,0.00958281
47.30146358,2.40760500,0.00839259
47.40146358,2.40821600,0.01034577
47.50146357,2.40897800,0.01046785
47.60146356,2.40867300,0.01034577
47.70146356,2.41035200,0.01120029
47.80146355,2.41019900,0.01211585
47.90146355,2.41142000,0.01281777
48.00146354,2.41218300,0.01309244
48.10146353,2.41309900,0.01361126
48.20146353,2.41340400,0.01428266
48.30146352,2.41431900,0.01333659
48.40146352,2.41554000,0.01681570
48.50146351,2.41477700,0.01513718
48.60146350,2.41477700,0.01672414
48.70146350,2.41615000,0.01754814
48.80146349,2.41706600,0.01794488
48.90146349,2.41599800,0.01840266
49.00146348,2.41782900,0.01913511
49.10146347,2.41859200,0.01962340
49.20146347,2.41767600,0.02059999
49.30146346,2.41843900,0.02124088
49.40146346,2.41950800,0.02154607
49.50146345,2.41920200,0.02215644
49.60146345,2.41966000,0.02285836
49.70146344,2.41981300,0.02331614
49.80146343,2.41996500,0.02426222
49.90146343,2.42027000,0.02447584
50.00146342,2.42042300,0.02533036
50.10146342,2.41996500,0.02563555
50.20146341,2.42057600,0.02618488
50.30146340,2.42194900,0.02719199
50.40146340,2.42164400,0.02758873
50.50146339,2.42179600,0.02789392
50.60146339,2.42210100,0.02868740
50.70146338,2.42210100,0.02926725
50.80146337,2.42225400,0.03012177
50.90146337,2.42255900,0.03070162
51.00146336,2.42118600,0.03134251
51.10146336,2.42179600,0.03158666
51.20146335,2.42164400,0.03241066
51.30146334,2.42210100,0.03320414
51.40146334,2.42179600,0.03372295
51.50146333,2.42118600,0.03393658
51.60146333,2.42133900,0.03482162
51.70146332,2.42118600,0.03558458
51.80146331,2.42133900,0.03598132
51.90146331,2.42225400,0.03659169
52.00146330,2.42057600,0.03732414
52.10146330,2.42027000,0.03778192
52.20146329,2.42057600,0.03845332
52.30146328,2.42088100,0.03885006
52.40146328,2.41935500,0.03958251
52.50146327,2.41950800,0.04016236
52.60146327,2.41905000,0.04074221
52.70146326,2.41966000,0.04123051
52.80146326,2.41843900,0.04190191
52.90146325,2.41828700,0.04226813
53.00146324,2.41843900,0.04318369
53.10146324,2.41767600,0.04376354
53.20146323,2.41767600,0.04422132
53.30146323,2.41782900,0.04470962
53.40146322,2.41615000,0.04544206
53.50146321,2.41645600,0.04599139
53.60146321,2.41599800,0.04693747
53.70146320,2.41645600,0.04696799
53.80146320,2.41676100,0.04794458
53.90146319,2.41462400,0.04821924
54.00146318,2.41355600,0.04892117
54.10146318,2.41340400,0.04971465
54.20146317,2.41386200,0.05017243
54.30146317,2.41264100,0.05050813
54.40146316,2.41218300,0.05145421
54.50146315,2.41081000,0.05172887
54.60146315,2.41050500,0.05261391
54.70146314,2.41065700,0.05301065
54.80146314,2.40913100,0.05352946
54.90146313,2.40852100,0.05456709
55.00146312,2.40760500,0.05490280
55.10146312,2.40638400,0.05551317
55.20146311,2.40546900,0.05600147
55.30146311,2.40516400,0.05658132
55.40146310,2.40470600,0.05679495
55.50146309,2.40272200,0.05764946
55.60146309,2.40287500,0.05835139
55.70146308,2.40165400,0.05908383
55.80146308,2.40104400,0.05954161
55.90146307,2.40043300,0.05993835
56.00146307,2.39845000,0.06060976
56.10146306,2.39860200,0.06109805
56.20146305,2.39585600,0.06210517
56.30146305,2.39646600,0.06253242
56.40146304,2.39524500,0.06256294
56.50146304,2.39341400,0.06369213
56.60146303,2.39295600,0.06396680
56.70146302,2.39188800,0.06472976
56.80146302,2.39158300,0.06527909
56.90146301,2.39021000,0.06576739
57.00146301,2.38959900,0.06610309
57.10146300,2.38792100,0.06717124
57.20146299,2.38654700,0.06747642
57.30146299,2.38547900,0.06826991
57.40146298,2.38471600,0.06854457
57.50146298,2.38181700,0.06924650
57.60146297,2.38105400,0.06991790
57.70146296,2.38044400,0.07058931
57.80146296,2.37800200,0.07080294
57.90146295,2.37723900,0.07153539
58.00146295,2.37586600,0.07177953
58.10146294,2.37510300,0.07275613
58.20146293,2.37357700,0.07248146
58.30146293,2.37159300,0.07290872
58.40146292,2.37067800,0.07400738
58.50146292,2.36930400,0.07568590
58.60146291,2.36762600,0.07553331
58.70146290,2.36640500,0.07577746
58.80146290,2.36518500,0.07669301
58.90146289,2.36335300,0.07748649
59.00146289,2.36289500,0.07779168
59.10146288,2.36075900,0.07852413
59.20146288,2.35923300,0.07870723
59.30146287,2.35786000,0.07824945
59.40146286,2.35602900,0.08127079
59.50146286,2.35450300,0.08032472
59.60146285,2.35282400,0.08047731
59.70146285,2.35099300,0.08175909
59.80146284,2.34977300,0.08224738
59.90146283,2.34733100,0.08249153
60.00146283,2.34717800,0.08359019
60.10146282,2.34580500,0.08404797
60.20146282,2.34351600,0.08438368
60.30146281,2.34077000,0.08520768
60.40146280,2.33863300,0.08566546
60.50146280,2.33832800,0.08642842
60.60146279,2.33665000,0.08648945
60.70146279,2.33344500,0.08725242
60.80146278,2.33207200,0.08767968
60.90146277,2.33024100,0.08841212
61.00146277,2.32841000,0.08880886
61.10146276,2.32657900,0.08920560
61.20146276,2.32413700,0.08969390
61.30146275,2.32245900,0.09070101
61.40146274,2.32154300,0.09109775
61.50146274,2.31910200,0.09146398
61.60146273,2.31788100,0.09244057
61.70146273,2.31498100,0.09244057
61.80146272,2.31330300,0.09360027
61.90146271,2.31101400,0.09390546
62.00146271,2.30964100,0.09436323
62.10146270,2.30689400,0.09457686
62.20146270,2.30491000,0.09564501
62.30146269,2.30338500,0.09573656
62.40146269,2.30048500,0.09649953
62.50146268,2.29789100,0.09674367
62.60146267,2.29636500,0.09750663
62.70146267,2.29377100,0.09848323
62.80146266,2.29194000,0.09833064
62.90146266,2.28904100,0.09891049
63.00146265,2.28721000,0.09982605
63.10146264,2.28476800,0.10007020
63.20146264,2.28232700,0.10086370
63.30146263,2.28080100,0.10092470
63.40146263,2.27790200,0.10150460
63.50146262,2.27546000,0.10232860
63.60146261,2.27469700,0.10333570
63.70146261,2.27149300,0.10309150
63.80146260,2.26828800,0.10409860
63.90146260,2.26523600,0.10437330
64.00146259,2.26371000,0.10480060
64.10146258,2.26157400,0.10565510
64.20146258,2.25913300,0.10602130
64.30146257,2.25653900,0.10641800
64.40146257,2.25318100,0.10730310
64.50146256,2.25104500,0.10748620
64.60146255,2.24967200,0.10797450
64.70146255,2.24601000,0.10889000
64.80146254,2.24341600,0.10876800
64.90146254,2.24173700,0.11008030
65.00146253,2.23868500,0.10971400
65.10146252,2.23639600,0.11111790
65.20146252,2.23410700,0.11105690
65.30146251,2.23029300,0.11203340
65.40146251,2.22861400,0.11230810
65.50146250,2.22388400,0.11224710
65.60146250,2.22251000,0.11313210
65.70146249,2.21991600,0.11401720
65.80146248,2.21732200,0.11398660
65.90146248,2.21457600,0.11505480
66.00146247,2.21137100,0.11484110
66.10146247,2.20893000,0.11578720
66.20146246,2.20679300,0.11685540
66.30146245,2.20389400,0.11658070
66.40146245,2.20053700,0.11755730
66.50146244,2.19657000,0.11774040
66.60146244,2.19382300,0.11832030
66.70146243,2.19229700,0.11911370
66.80146242,2.18894000,0.11905270
66.90146242,2.18634600,0.11987670
67.00146241,2.18253100,0.12030400
67.10146241,2.17947900,0.12097540
67.20146240,2.17627500,0.12152470
67.30146239,2.17398600,0.12173830
67.40146239,2.17093400,0.12280650
67.50146238,2.16757700,0.12292860
67.60146238,2.16437300,0.12356940
67.70146237,2.16086300,0.12387460
67.80146236,2.15811600,0.12436290
67.90146236,2.15475900,0.12472910
68.00146235,2.15247100,0.12521740
68.10146235,2.14896100,0.12607200
68.20146234,2.14590900,0.12619400
68.30146233,2.14270400,0.12686540
68.40146233,2.13950000,0.12714010
68.50146232,2.13553300,0.12756740
68.60146232,2.13248100,0.12799460
68.70146231,2.12942900,0.12854400
68.80146231,2.12698700,0.12912380
68.90146230,2.12302000,0.12958160
69.00146229,2.11935800,0.13019200
69.10146229,2.11615300,0.12979520
69.20146228,2.11340700,0.13241980
69.30146228,2.11005000,0.13187050
69.40146227,2.10684500,0.13235880
69.50146226,2.10272500,0.13217570
69.60146226,2.09982600,0.13263340
69.70146225,2.09616400,0.13351850
69.80146225,2.09173900,0.13361000
69.90146224,2.08945000,0.13446450
70.00146223,2.08517700,0.13492230
70.10146223,2.08227800,0.13516650
70.20146222,2.07937900,0.13638720
70.30146222,2.07373300,0.13525800
70.40146221,2.07159600,0.13690600
70.50146220,2.06717100,0.13711970
70.60146220,2.06518700,0.13800470
70.70146219,2.06106800,0.13800470
70.80146219,2.05740500,0.13840140
70.90146218,2.05389600,0.13916440
71.00146217,2.05023300,0.13934750
71.10146217,2.04687600,0.14011050
71.20146216,2.04306200,0.14026310
71.30146216,2.03848400,0.14062930
71.40146215,2.03604200,0.14142280
71.50146214,2.03192200,0.14154480
71.60146214,2.02719200,0.14191110
71.70146213,2.02398800,0.14282660
71.80146213,2.01971500,0.14304030
71.90146212,2.01681600,0.14365060
72.00146212,2.01254300,0.14423050
72.10146211,2.00872800,0.14447460
72.20146210,2.00430300,0.14493240
72.30146210,2.00079300,0.14532910
72.40146209,1.99713100,0.14551230
72.50146209,1.99346900,0.14636680
72.60146208,1.99041700,0.14673300
72.70146207,1.98538200,0.14700770
72.80146207,1.98141400,0.14719080
72.90146206,1.97683600,0.14795370
73.00146206,1.97378500,0.14871670
73.10146205,1.96981700,0.14886930
73.20146204,1.96523900,0.14935760
73.30146204,1.96111900,0.14960170
73.40146203,1.95730500,0.15009000
73.50146203,1.95394800,0.15027310
73.60146202,1.94860700,0.15106660
73.70146201,1.94540200,0.15124970
73.80146201,1.94021400,0.15176860
73.90146200,1.93716200,0.15210430
74.00146200,1.93197400,0.15237890
74.10146199,1.92815900,0.15308090
74.20146198,1.92297100,0.15356910
74.30146198,1.92022500,0.15363020
74.40146197,1.91610500,0.15427110
74.50146197,1.91213700,0.15515610
74.60146196,1.90755900,0.15512560
74.70146195,1.90374500,0.15564440
74.80146195,1.89947200,0.15628530
74.90146194,1.89504700,0.15613270
75.00146194,1.89153700,0.15717030
75.10146193,1.88650200,0.15741450
75.20146193,1.88222900,0.15750600
75.30146192,1.87841400,0.15799430
75.40146191,1.87337900,0.15842160
75.50146191,1.86910600,0.15881830
75.60146190,1.86468100,0.15903200
75.70146190,1.86040800,0.15964230
75.80146189,1.85659300,0.15994750
75.90146188,1.85186300,0.16068000
76.00146188,1.84713300,0.16095460
76.10146187,1.84286000,0.16104620
76.20146187,1.83828200,0.16150400
76.30146186,1.83462000,0.16199230
76.40146185,1.82882200,0.16208380
76.50146185,1.82485400,0.16263310
76.60146184,1.81936100,0.16330450
76.70146184,1.81493600,0.16348770
76.80146183,1.81096800,0.16406750
76.90146182,1.80654300,0.16422010
77.00146182,1.80227100,0.16464740
77.10146181,1.79830300,0.16510510
77.20146181,1.79342000,0.16544080
77.30146180,1.78823200,0.16583760
77.40146179,1.78304400,0.16617330
77.50146179,1.77892400,0.16657000
77.60146178,1.77510900,0.16696680
77.70146178,1.76992100,0.16739400
77.80146177,1.76458000,0.16788230
77.90146176,1.76061300,0.16812650
78.00146176,1.75527200,0.16843170
78.10146175,1.75008400,0.16870630
78.20146175,1.74611700,0.16913360
78.30146174,1.74123400,0.16959140
78.40146174,1.73635100,0.16980500
78.50146173,1.73268800,0.17017120
78.60146172,1.72673700,0.17047640
78.70146172,1.72261700,0.17133090
78.80146171,1.71804000,0.17139190
78.90146171,1.71239400,0.17169710
79.00146170,1.70888400,0.17206340
79.10146169,1.70339100,0.17230750
79.20146169,1.69805000,0.17255160
79.30146168,1.69286200,0.17310100
79.40146168,1.68813100,0.17349770
79.50146167,1.68385900,0.17377240
79.60146166,1.67882300,0.17426070
79.70146166,1.67348200,0.17441330
79.80146165,1.66921000,0.17481000
79.90146165,1.66310600,0.17517620
80.00146164,1.65944400,0.17584760
80.10146163,1.65349300,0.17566450
80.20146163,1.64830500,0.17532880
80.30146162,1.64311700,0.17661060
80.40146162,1.63823400,0.17740410
80.50146161,1.63335100,0.17719050
80.60146160,1.62862000,0.17737360
80.70146160,1.62312700,0.17816710
80.80146159,1.61885400,0.17835020
80.90146159,1.61397100,0.17862480
81.00146158,1.60771500,0.17926570
81.10146157,1.60222200,0.17911310
81.20146157,1.59718600,0.17767880
81.30146156,1.59321900,0.18079160
81.40146156,1.58711500,0.17954040
81.50146155,1.58238500,0.18060850
81.60146155,1.57796000,0.18109680
81.70146154,1.57124500,0.18112740
81.80146153,1.56743100,0.18124940
81.90146153,1.56224300,0.18167670
82.00146152,1.55659700,0.18201240
82.10146152,1.55049300,0.18250070
82.20146151,1.54576300,0.18286690
82.30146150,1.54026900,0.18280590
82.40146150,1.53614900,0.18335520
82.50146149,1.52974000,0.18372140
82.60146149,1.52424700,0.18387400
82.70146148,1.51860100,0.18420970
82.80146147,1.51432800,0.18478960
82.90146147,1.50853000,0.18463700
83.00146146,1.50334200,0.18512530
83.10146146,1.49815400,0.18555250
83.20146145,1.49189700,0.18555250
83.30146144,1.48732000,0.18628500
83.40146144,1.48152100,0.18652910
83.50146143,1.47557000,0.18695640
83.60146143,1.47068700,0.18689540
83.70146142,1.46595700,0.18738370
83.80146141,1.46000600,0.18717000
83.90146141,1.45481700,0.18765830
84.00146140,1.44947700,0.18799400
84.10146140,1.44291500,0.18799400
84.20146139,1.43818500,0.18866540
84.30146138,1.43299700,0.18863490
84.40146138,1.42552000,0.18906220
84.50146137,1.42078900,0.18921480
84.60146137,1.41544800,0.18976410
84.70146136,1.40965000,0.19013030
84.80146136,1.40400400,0.19022190
84.90146135,1.39866300,0.19052710
85.00146134,1.39240700,0.19058810
85.10146134,1.38767700,0.19122900
85.20146133,1.38264100,0.19174780
85.30146133,1.37699500,0.19144260
85.40146132,1.37028100,0.19180880
85.50146131,1.36463500,0.19223610
85.60146131,1.36005700,0.19257180
85.70146130,1.35334300,0.19260230
85.80146130,1.34846000,0.19290750
85.90146129,1.34296700,0.19315170
86.00146128,1.33655800,0.19339580
86.10146128,1.33137000,0.19360940
86.20146127,1.32450300,0.19376200
86.30146127,1.31901000,0.19388410
86.40146126,1.31275400,0.19421980
86.50146125,1.30878600,0.19492170
86.60146125,1.30298800,0.19525740
86.70146124,1.29749400,0.19516590
86.80146124,1.29169600,0.19574570
86.90146123,1.28574500,0.19534900
87.00146122,1.28009900,0.19602040
87.10146122,1.27399500,0.19629510
87.20146121,1.26682300,0.19635610
87.30146121,1.26178800,0.19666130
87.40146120,1.25675200,0.19678330
87.50146119,1.25003800,0.19690540
87.60146119,1.24347700,0.19733270
87.70146118,1.23813600,0.19748530
87.80146118,1.23325300,0.19757680
87.90146117,1.22547100,0.19806510
88.00146117,1.22089300,0.19827880
88.10146116,1.21555200,0.19852290
88.20146115,1.20914300,0.19876710
88.30146115,1.20273400,0.19885860
88.40146114,1.19678300,0.19876710
88.50146114,1.19052700,0.19934690
88.60146113,1.18533900,0.19971310
88.70146112,1.17893000,0.19965210
88.80146112,1.17282600,0.19989620
88.90146111,1.16672300,0.20001830
89.00146111,1.16077100,0.20004880
89.10146110,1.15405700,0.20050660
89.20146109,1.14902200,0.20093390
89.30146109,1.14230800,0.20072020
89.40146108,1.13666200,0.20130010
89.50146108,1.13071100,0.20139160
89.60146107,1.12537000,0.20145270
89.70146106,1.11819800,0.20178840
89.80146106,1.11255200,0.20209360
89.90146105,1.10721100,0.20197150
90.00146105,1.09988700,0.20203250
90.10146104,1.09439400,0.20261240
90.20146103,1.08829000,0.20258190
90.30146103,1.08218600,0.20285650
90.40146102,1.07699800,0.20291760
90.50146102,1.07074200,0.20294810
90.60146101,1.06387500,0.20316170
90.70146100,1.05792400,0.20352790
90.80146100,1.05075200,0.20365000
90.90146099,1.04419100,0.20401620
91.00146099,1.03839200,0.20358900
91.10146098,1.03274600,0.20435190
91.20146098,1.02755800,0.20511490
91.30146097,1.01962300,0.20395520
91.40146096,1.01458800,0.20435190
91.50146096,1.00848400,0.20511490
91.60146095,1.00238000,0.20480970
91.70146095,0.99475080,0.20505390
91.80146094,0.98971530,0.20563370
91.90146093,0.98345900,0.20545060
92.00146093,0.97705010,0.20569470
92.10146092,0.97048860,0.20609150
92.20146092,0.96255380,0.20383310
92.30146091,0.95797600,0.20645770
92.40146090,0.95141450,0.20648820
92.50146090,0.94622640,0.20691550
92.60146089,0.93935970,0.20654930
92.70146089,0.93279830,0.20676290
92.80146088,0.92623670,0.20667130
92.90146087,0.91982790,0.20691550
93.00146087,0.91479230,0.20734280
93.10146086,0.90746790,0.20719020
93.20146086,0.90090640,0.20734280
93.30146085,0.89480270,0.20764790
93.40146084,0.88869900,0.20767850
93.50146084,0.88244270,0.20786160
93.60146083,0.87618640,0.20804470
93.70146083,0.86886200,0.20795310
93.80146082,0.86275830,0.20847190
93.90146082,0.85695980,0.20847190
94.00146081,0.85024570,0.20865500
94.10146080,0.84337900,0.20831940
94.20146080,0.83819090,0.20856350
94.30146079,0.83147680,0.20899080
94.40146079,0.82476270,0.20899080
94.50146078,0.81789610,0.20954010
94.60146077,0.81118200,0.20899080
94.70146077,0.80523090,0.20944850
94.80146076,0.79866940,0.20950960
94.90146076,0.79210790,0.20972320
95.00146075,0.78585160,0.20944850
95.10146074,0.77959530,0.20981480
95.20146074,0.77272870,0.20978420
95.30146073,0.76601460,0.20987580
95.40146073,0.75991090,0.21033360
95.50146072,0.75334940,0.21039460
95.60146071,0.74571980,0.21024200
95.70146071,0.74022640,0.21066930
95.80146070,0.73290200,0.21021150
95.90146070,0.72664570,0.21091340
96.00146069,0.71977910,0.21060820
96.10146068,0.71367530,0.21051670
96.20146068,0.70711390,0.21106600
96.30146067,0.70101020,0.21033360
96.40146067,0.69368570,0.21112700
96.50146066,0.68697170,0.21073030
96.60146065,0.68056270,0.21073030
96.70146065,0.67384870,0.21143220
96.80146064,0.66850790,0.21164590
96.90146064,0.66225170,0.21155430
97.00146063,0.65446940,0.21112700
97.10146063,0.64867090,0.21149330
97.20146062,0.64195690,0.21137120
97.30146061,0.63539530,0.21152380
97.40146061,0.62791830,0.21158480
97.50146060,0.62166200,0.21158480
97.60146060,0.61525320,0.21204260
97.70146059,0.60914950,0.21210360
97.80146058,0.60167240,0.21182900
97.90146058,0.59465310,0.21219520
98.00146057,0.58824430,0.21176790
98.10146057,0.58183540,0.21207310
98.20146056,0.57466350,0.21225620
98.30146055,0.56794950,0.21204260
98.40146055,0.56077760,0.21189000
98.50146054,0.55375840,0.21234780
98.60146054,0.54857020,0.21210360
98.70146053,0.54139830,0.21240880
98.80146052,0.53514210,0.21243930
98.90146052,0.52766500,0.21225620
99.00146051,0.52079840,0.21243930
99.10146051,0.51408430,0.21259190
99.20146050,0.50767540,0.21234780
99.30146049,0.50096130,0.21246990
99.40146049,0.49501020,0.21298870
99.50146048,0.48799100,0.21277510
99.60146048,0.48127690,0.21301920
99.70146047,0.47456280,0.21274450
99.80146046,0.46754360,0.21231730
99.90146046,0.46082950,0.21283610
100.00146045,0.45548870,0.21283610
100.10146045,0.44770650,0.21271400
100.20146044,0.44129770,0.21289710
100.30146044,0.43427840,0.21280560
100.40146043,0.42710650,0.21298870
100.50146042,0.42115540,0.21301920
100.60146042,0.41383100,0.21283610
100.70146041,0.40711690,0.21304970
100.80146041,0.40009770,0.21271400
100.90146040,0.39292580,0.21271400
101.00146039,0.38605910,0.21292760
101.10146039,0.37965030,0.21271400
101.20146038,0.37400430,0.21298870
101.30146038,0.36652730,0.21301920
101.40146037,0.35889770,0.21289710
101.50146036,0.35264140,0.21268350
101.60146036,0.34638510,0.21311070
101.70146035,0.33906060,0.21292760
101.80146035,0.33265180,0.21274450
101.90146034,0.32547990,0.21292760
102.00146033,0.31922360,0.21195100
102.10146033,0.31250950,0.21405680
102.20146032,0.30533770,0.21329390
102.30146032,0.29908140,0.21295820
102.40146031,0.29160440,0.21246990
102.50146030,0.28427990,0.21271400
102.60146030,0.27848140,0.21301920
102.70146029,0.27085180,0.21277510
102.80146029,0.26352730,0.21256140
102.90146028,0.25772880,0.21268350
103.00146027,0.25070960,0.21259190
103.10146027,0.24399550,0.21268350
103.20146026,0.23682360,0.21094390
103.30146026,0.23148290,0.21393470
103.40146025,0.22370070,0.21167640
103.50146025,0.21591850,0.21225620
103.60146024,0.20889920,0.21240880
103.70146023,0.20340590,0.21234780
103.80146023,0.19669180,0.21253090
103.90146022,0.18982510,0.21250040
104.00146022,0.18295850,0.21243930
104.10146021,0.17578660,0.21213420
104.20146020,0.16922510,0.21210360
104.30146020,0.16235850,0.21213420
104.40146019,0.15488140,0.21195100
104.50146019,0.14832000,0.21201210
104.60146018,0.14145330,0.21210360
104.70146017,0.13473920,0.21182900
104.80146017,0.12710960,0.21182900
104.90146016,0.12115850,0.21213420
105.00146016,0.11352890,0.21189000
105.10146015,0.10788290,0.21189000
105.20146014,0.10116890,0.21167640
105.30146014,0.09414960,0.21134070
105.40146013,0.08697775,0.21164590
105.50146013,0.07995850,0.21143220
105.60146012,0.07400738,0.21127960
105.70146011,0.06622516,0.21109650
105.80146011,0.05951110,0.21134070
105.90146010,0.05279702,0.21097450
106.00146010,0.04669332,0.21134070
106.10146009,0.03845332,0.21042510
106.20146008,0.03189184,0.21066930
106.30146008,0.02502518,0.21063870
106.40146007,0.01922666,0.21063870
106.50146007,0.01266518,0.21066930
106.60146006,0.00534074,0.21051670
106.70146006,-0.00244148,0.21011990
106.80146005,-0.00976592,0.21015050
106.90146004,-0.01602222,0.21060820
107.00146004,-0.02182074,0.21018100
107.10146003,-0.02929777,0.21002840
107.20146003,-0.03570665,0.20981480
107.30146002,-0.04303110,0.20978420
107.40146001,-0.05050813,0.20957060
107.50146001,-0.05523850,0.20993680
107.60146000,-0.06378368,0.20923490
107.70146000,-0.07049776,0.20944850
107.80145999,-0.07736442,0.20896020
107.90145998,-0.08438368,0.20917390
108.00145998,-0.09140293,0.20877710
108.10145997,-0.09826960,0.20911280
108.20145997,-0.10544150,0.20902130
108.30145996,-0.11154520,0.20841090
108.40145995,-0.11871700,0.20880760
108.50145995,-0.12512590,0.20831940
108.60145994,-0.13321330,0.20801420
108.70145994,-0.13916440,0.20838040
108.80145993,-0.14572590,0.20807520
108.90145992,-0.15320290,0.20789210
109.00145992,-0.16006960,0.20795310
109.10145991,-0.16678370,0.20746480
109.20145991,-0.17365030,0.20764790
109.30145990,-0.17975400,0.20719020
109.40145989,-0.18784140,0.20737330
109.50145989,-0.19455550,0.20667130
109.60145988,-0.20065920,0.20725120
109.70145988,-0.20691550,0.20679340
109.80145987,-0.21408730,0.20648820
109.90145987,-0.22171700,0.20664080
110.00145986,-0.22827850,0.20633560
110.10145985,-0.23545030,0.20596940
110.20145985,-0.24094360,0.20667130
110.30145984,-0.24826810,0.20578630
110.40145984,-0.25559250,0.20572530
110.50145983,-0.26245920,0.20581680
110.60145982,-0.26963100,0.20560320
110.70145982,-0.27558210,0.20548110
110.80145981,-0.28199100,0.20511490
110.90145981,-0.28931550,0.20508440
111.00145980,-0.29602950,0.20465710
111.10145979,-0.30350660,0.20484020
111.20145979,-0.30961030,0.20447400
111.30145978,-0.31708730,0.20398570
111.40145978,-0.32364880,0.20398570
111.50145977,-0.32929470,0.20392470
111.60145976,-0.33677180,0.20383310
111.70145976,-0.34394360,0.20374160
111.80145975,-0.35111550,0.20337530
111.90145975,-0.35676140,0.20352790
112.00145974,-0.36454360,0.20322280
112.10145973,-0.37003690,0.20303960
112.20145973,-0.37690360,0.20249030
112.30145972,-0.38453320,0.20221560
112.40145972,-0.39109470,0.20270390
112.50145971,-0.39704580,0.20221560
112.60145970,-0.40238650,0.20230720
112.70145970,-0.41093170,0.20151370
112.80145969,-0.41856140,0.20157480
112.90145969,-0.42435990,0.20136110
113.00145968,-0.42985320,0.20126960
113.10145968,-0.43794060,0.19980470
113.20145967,-0.44495990,0.20157480
113.30145966,-0.45197910,0.20130010
113.40145966,-0.45716730,0.20038450
113.50145965,-0.46479690,0.19977420
113.60145965,-0.47151100,0.20001830
113.70145964,-0.47868280,0.19980470
113.80145963,-0.48631240,0.19943850
113.90145963,-0.49195840,0.19928590
114.00145962,-0.49882500,0.19922480
114.10145962,-0.50614950,0.19888910
114.20145961,-0.51286360,0.19898070
114.30145960,-0.51820430,0.19968260
114.40145960,-0.52385020,0.19953000
114.50145959,-0.53224280,0.19769890
114.60145959,-0.53865170,0.19779050
114.70145958,-0.54475540,0.19772940
114.80145957,-0.55192730,0.19748530
114.90145957,-0.55955680,0.19714960
115.00145956,-0.56566060,0.19672230
115.10145956,-0.57206950,0.19687490
115.20145955,-0.57878350,0.19626450
115.30145954,-0.58503990,0.19650870
115.40145954,-0.59190650,0.19608140
115.50145953,-0.59938350,0.19565420
115.60145953,-0.60594500,0.19541000
115.70145952,-0.61189610,0.19537950
115.80145951,-0.61799980,0.19486070
115.90145951,-0.62578200,0.19464710
116.00145950,-0.63280130,0.19455550
116.10145950,-0.63829460,0.19434190
116.20145949,-0.64516130,0.19440290
116.30145949,-0.65202800,0.19367050
116.40145948,-0.65981020,0.19360940
116.50145947,-0.66545610,0.19345680
116.60145947,-0.67186500,0.19318220
116.70145946,-0.67842640,0.19260230
116.80145946,-0.68514060,0.19257180
116.90145945,-0.69109170,0.19232760
117.00145944,-0.69750050,0.19190040
117.10145944,-0.70436720,0.19144260
117.20145943,-0.71108130,0.19177830
117.30145943,-0.71794800,0.19107640
117.40145942,-0.72420420,0.19089330
117.50145941,-0.73030790,0.19061860
117.60145941,-0.73732720,0.19006930
117.70145940,-0.74343090,0.19025240
117.80145940,-0.75121310,0.18997770
117.90145939,-0.75716420,0.18958100
118.00145938,-0.76296280,0.18951990
118.10145938,-0.77089760,0.18887910
118.20145937,-0.77654350,0.18884850
118.30145937,-0.78310500,0.18869590
118.40145936,-0.78905610,0.18836020
118.50145935,-0.79515980,0.18805510
118.60145935,-0.80278940,0.18768880
118.70145934,-0.80950340,0.18735310
118.80145934,-0.81591240,0.18695640
118.90145933,-0.82247380,0.18689540
119.00145932,-0.82842490,0.18643760
119.10145932,-0.83422340,0.18634600
119.20145931,-0.84047970,0.18588820
119.30145931,-0.84734640,0.18579670
119.40145930,-0.85390790,0.18524730
119.50145930,-0.85970640,0.18506420
119.60145929,-0.86642050,0.18460650
119.70145928,-0.87267680,0.18436230
119.80145928,-0.87939080,0.18414870
119.90145927,-0.88579980,0.18353830
120.00145927,-0.89175090,0.18390450
120.10145926,-0.89831230,0.18305000
120.20145925,-0.90411080,0.18280590
120.30145925,-0.91143530,0.18265330
120.40145924,-0.91784420,0.18240910
120.50145924,-0.92379530,0.18176820
120.60145923,-0.93005160,0.18161570
120.70145922,-0.93615530,0.18137150
120.80145922,-0.94271680,0.18112740
120.90145921,-0.94851530,0.18097480
121.00145921,-0.95507680,0.18039490
121.10145920,-0.96224860,0.18027280
121.20145919,-0.96758930,0.17969300
121.30145919,-0.97430340,0.17923520
121.40145918,-0.98132260,0.17883850
121.50145918,-0.98757900,0.17856380
121.60145917,-0.99368270,0.17853330
121.70145916,-0.99993900,0.17838070
121.80145916,-1.00604300,0.17795340
121.90145915,-1.01168900,0.17731250
122.00145915,-1.01779200,0.17719050
122.10145914,-1.02450600,0.17661060
122.20145913,-1.03106800,0.17633590
122.30145913,-1.03701900,0.17612230
122.40145912,-1.04281700,0.17578660
122.50145912,-1.04937900,0.17538990
122.60145911,-1.05502500,0.17493210
122.70145911,-1.06234900,0.17474900
122.80145910,-1.06814800,0.17447430
122.90145909,-1.07333600,0.17441330
123.00145909,-1.07944000,0.17352820
123.10145908,-1.08569600,0.17334510
123.20145908,-1.09271500,0.17288740
123.30145907,-1.09820900,0.17261270
123.40145906,-1.10599100,0.17230750
123.50145906,-1.11148400,0.17224650
123.60145905,-1.11667200,0.17136140
123.70145905,-1.12216600,0.17151400
123.80145904,-1.12903200,0.17072050
123.90145903,-1.13513600,0.17050690
124.00145903,-1.14047700,0.17017120
124.10145902,-1.14703800,0.16974400
124.20145902,-1.15298900,0.16928620
124.30145901,-1.15970300,0.16885890
124.40145900,-1.16550200,0.16830960
124.50145900,-1.17130000,0.16913360
124.60145899,-1.17816700,0.16739400
124.70145899,-1.18457600,0.16739400
124.80145898,-1.18945900,0.16760770
124.90145897,-1.19663100,0.16660050
125.00145897,-1.20120900,0.16647850
125.10145896,-1.20807500,0.16608170
125.20145896,-1.21433200,0.16565450
125.30145895,-1.21906200,0.16544080
125.40145894,-1.22440300,0.16513570
125.50145894,-1.23020100,0.16592910
125.60145893,-1.23645700,0.16553240
125.70145893,-1.24317100,0.16373180
125.80145892,-1.24912300,0.16324350
125.90145892,-1.25507400,0.16290780
126.00145891,-1.26010900,0.16281620
126.10145890,-1.26697600,0.16214480
126.20145890,-1.27246900,0.16144290
126.30145889,-1.27781000,0.16153450
126.40145889,-1.28406600,0.16098510
126.50145888,-1.29032300,0.16068000
126.60145887,-1.29612100,0.16034420
126.70145887,-1.30115700,0.15982540
126.80145886,-1.30649700,0.15967280
126.90145886,-1.31260100,0.15952030
127.00145885,-1.31916300,0.15823850
127.10145884,-1.32419800,0.15836050
127.20145884,-1.32999700,0.15747550
127.30145883,-1.33579500,0.15790280
127.40145883,-1.34144100,0.15683460
127.50145882,-1.34754500,0.15659050
127.60145881,-1.35425900,0.15588850
127.70145881,-1.35898900,0.15591910
127.80145880,-1.36478800,0.15533920
127.90145880,-1.37028100,0.15485090
128.00145879,-1.37592700,0.15475940
128.10145878,-1.38111500,0.15421000
128.20145878,-1.38630300,0.15338600
128.30145877,-1.39256000,0.15408800
128.40145877,-1.39942600,0.15237890
128.50145876,-1.40369900,0.15219580
128.60145875,-1.40965000,0.15198220
128.70145875,-1.41483800,0.15173800
128.80145874,-1.42017900,0.15198220
128.90145874,-1.42643500,0.15070040
129.00145873,-1.43147100,0.15073090
129.10145873,-1.43772700,0.14938810
129.20145872,-1.44200000,0.14920500
129.30145871,-1.44657700,0.14999850
129.40145871,-1.45298600,0.14828940
129.50145870,-1.45878500,0.14841150
129.60145870,-1.46458300,0.14774010
129.70145869,-1.46977100,0.14700770
129.80145868,-1.47572300,0.14700770
129.90145868,-1.48136800,0.14661090
130.00145867,-1.48686200,0.14615310
130.10145867,-1.49128700,0.14566480
130.20145866,-1.49784800,0.14520710
130.30145865,-1.50380000,0.14453570
130.40145865,-1.50868200,0.14410840
130.50145864,-1.51326000,0.14401680
130.60145864,-1.51799100,0.14346750
130.70145863,-1.52394200,0.14279610
130.80145862,-1.53004600,0.14239940
130.90145862,-1.53492800,0.14169740
131.00145861,-1.53965900,0.14175850
131.10145861,-1.54530500,0.14127020
131.20145860,-1.55018800,0.14032410
131.30145859,-1.55598600,0.14035460
131.40145859,-1.56086900,0.13953060
131.50145858,-1.56590500,0.13931700
131.60145858,-1.57155100,0.13895080
131.70145857,-1.57643400,0.13821830
131.80145856,-1.58223200,0.13791310
131.90145856,-1.58589400,0.13748590
132.00145855,-1.59138800,0.13702810
132.10145855,-1.59657600,0.13663140
132.20145854,-1.60252700,0.13605150
132.30145854,-1.60802000,0.13538010
132.40145853,-1.61244500,0.13525800
132.50145852,-1.61809100,0.13473920
132.60145852,-1.62175400,0.13431200
132.70145851,-1.62785700,0.13367110
132.80145851,-1.63274000,0.13327430
132.90145850,-1.63716500,0.13248080
133.00145849,-1.64250600,0.13266400
133.10145849,-1.64845700,0.13177890
133.20145848,-1.65349300,0.13129060
133.30145848,-1.65807100,0.13077180
133.40145847,-1.66310600,0.13040560
133.50145846,-1.66875200,0.12982570
133.60145846,-1.67317700,0.12958160
133.70145845,-1.67790800,0.12909330
133.80145845,-1.68355400,0.12839140
133.90145844,-1.68736800,0.12823880
134.00145843,-1.69347200,0.12747580
134.10145843,-1.69835500,0.12698750
134.20145842,-1.70308500,0.12662130
134.30145842,-1.70720500,0.12607200
134.40145841,-1.71239400,0.12573630
134.50145840,-1.71742900,0.12503430
134.60145840,-1.72185400,0.12475970
134.70145839,-1.72704200,0.12405770
134.80145839,-1.73131500,0.12369150
134.90145838,-1.73650300,0.12305060
135.00145837,-1.74123400,0.12253180
135.10145837,-1.74703200,0.12195200
135.20145836,-1.75069400,0.12192140
135.30145836,-1.75618800,0.12100590
135.40145835,-1.76137600,0.12048710
135.50145835,-1.76519100,0.12027340
135.60145834,-1.77022600,0.12015140
135.70145833,-1.77510900,0.11865600
135.80145833,-1.77953400,0.11905270
135.90145832,-1.78426500,0.11865600
136.00145832,-1.78869000,0.11734370
136.10145831,-1.79418300,0.11731310
136.20145830,-1.79723500,0.11670280
136.30145830,-1.80196500,0.11590930
136.40145829,-1.80730600,0.11554310
136.50145829,-1.81279900,0.11496320
136.60145828,-1.81554600,0.11462750
136.70145827,-1.82073400,0.11410870
136.80145827,-1.82622800,0.11066010
136.90145826,-1.83019500,0.11371200
137.00145826,-1.83462000,0.11246070
137.10145825,-1.83950300,0.11243020
137.20145824,-1.84255500,0.11151460
137.30145824,-1.84865900,0.11066010
137.40145823,-1.85216800,0.11041600
137.50145823,-1.85613600,0.11004970
137.60145822,-1.86147700,0.10943940
137.70145821,-1.86529100,0.10898160
137.80145821,-1.86986900,0.10843230
137.90145820,-1.87383700,0.10776090
138.00145820,-1.87856700,0.10785240
138.10145819,-1.88283900,0.10672320
138.20145818,-1.88802800,0.10626540
138.30145818,-1.89199500,0.10592970
138.40145817,-1.89718300,0.10531940
138.50145817,-1.90054000,0.10486160
138.60145816,-1.90405000,0.10455640
138.70145816,-1.90969600,0.10361030
138.80145815,-1.91290000,0.10275580
138.90145814,-1.91702000,0.10300000
139.00145814,-1.92129300,0.10214540
139.10145813,-1.92556500,0.10156560
139.20145813,-1.92907500,0.10113830
139.30145812,-1.93350000,0.10022280
139.40145811,-1.93823100,0.10000920
139.50145811,-1.94097700,0.09988708
139.60145810,-1.94647000,0.09881894
139.70145810,-1.95043800,0.09854427
139.80145809,-1.95532100,0.09753716
139.90145808,-1.95852500,0.09735405
140.00145808,-1.96279800,0.09680471
140.10145807,-1.96630800,0.09649953
140.20145807,-1.97088500,0.09549242
140.30145806,-1.97454800,0.09521775
140.40145805,-1.97912500,0.09472945
140.50145805,-1.98217700,0.09402753
140.60145804,-1.98690800,0.09384441
140.70145804,-1.98995900,0.09314249
140.80145803,-1.99499500,0.09250160
140.90145802,-1.99789400,0.09219642
141.00145802,-2.00140400,0.09128086
141.10145801,-2.00537100,0.09063997
141.20145801,-2.00979600,0.09018219
141.30145800,-2.01345900,0.08944975
141.40145800,-2.01681600,0.08926664
141.50145799,-2.02124100,0.08880886
141.60145798,-2.02414000,0.08804590
141.70145798,-2.02887100,0.08722190
141.80145797,-2.03192200,0.08670308
141.90145797,-2.03680500,0.08627582
142.00145796,-2.03970500,0.08569597
142.10145795,-2.04321400,0.08511613
142.20145795,-2.04626600,0.08505508
142.30145794,-2.05069100,0.08420057
142.40145794,-2.05450600,0.08374279
142.50145793,-2.05786300,0.08328501
142.60145792,-2.06213600,0.08236945
142.70145792,-2.06518700,0.08191168
142.80145791,-2.06946000,0.08139286
142.90145791,-2.07312200,0.08081301
143.00145790,-2.07678500,0.08041627
143.10145789,-2.08075200,0.07965331
143.20145789,-2.08365100,0.07943968
143.30145788,-2.08624500,0.07873775
143.40145788,-2.09128100,0.07809687
143.50145787,-2.09372200,0.07754754
143.60145786,-2.09814800,0.07690664
143.70145786,-2.10104700,0.07623523
143.80145785,-2.10364100,0.07583850
143.90145785,-2.10837100,0.07522812
144.00145784,-2.11050700,0.07443465
144.10145783,-2.11478000,0.07437361
144.20145783,-2.11737400,0.07367168
144.30145782,-2.12118900,0.07296976
144.40145782,-2.12439300,0.07257301
144.50145781,-2.12744500,0.07214576
144.60145781,-2.13080200,0.07119969
144.70145780,-2.13553300,0.07089449
144.80145779,-2.13766900,0.07034516
144.90145779,-2.14117900,0.06952117
145.00145778,-2.14407800,0.06909391
145.10145778,-2.14774000,0.06833094
145.20145777,-2.15079200,0.06765953
145.30145776,-2.15460700,0.06756798
145.40145776,-2.15643800,0.06686606
145.50145775,-2.16010000,0.06628621
145.60145775,-2.16406800,0.06561480
145.70145774,-2.16620400,0.06445509
145.80145773,-2.16956100,0.06460769
145.90145773,-2.17276500,0.06402783
146.00145772,-2.17551200,0.06320383
146.10145772,-2.17764800,0.06274606
146.20145771,-2.18192100,0.06222724
146.30145770,-2.18527800,0.06137272
146.40145770,-2.18726200,0.06137272
146.50145769,-2.19046600,0.06030457
146.60145769,-2.19351800,0.05960265
146.70145768,-2.19733300,0.05899228
146.80145767,-2.19992700,0.05786309
146.90145767,-2.20160500,0.05868709
147.00145766,-2.20404700,0.05795465
147.10145766,-2.20694600,0.05676443
147.20145765,-2.21076100,0.05587939
147.30145764,-2.21396500,0.05587939
147.40145764,-2.21579600,0.05496383
147.50145763,-2.21961100,0.05447554
147.60145763,-2.22129000,0.05377361
147.70145762,-2.22403600,0.05359050
147.80145762,-2.22632500,0.05249184
147.90145761,-2.23044500,0.05243080
148.00145760,-2.23136100,0.05380413
148.10145760,-2.23532800,0.05182043
148.20145759,-2.23822700,0.04995880
148.30145759,-2.24066900,0.05026399
148.40145758,-2.24356800,0.04882962
148.50145757,-2.24631500,0.04852443
148.60145757,-2.24921400,0.04840235
148.70145756,-2.25165600,0.04748680
148.80145756,-2.25333400,0.04715110
148.90145755,-2.25547100,0.04651021
149.00145754,-2.25913300,0.04568621
149.10145754,-2.26142100,0.04498428
149.20145753,-2.26401600,0.04464858
149.30145753,-2.26706700,0.04397717
149.40145752,-2.26859300,0.04330577
149.50145751,-2.27088200,0.04281747
149.60145751,-2.27347600,0.04214606
149.70145750,-2.27546000,0.04165776
149.80145750,-2.27759600,0.04141362
149.90145749,-2.28034300,0.04040651
150.00145748,-2.28247900,0.03994873
150.10145748,-2.28492100,0.03915525
150.20145747,-2.28797300,0.03842280
150.30145747,-2.28934600,0.03866695
150.40145746,-2.29209300,0.03717154
150.50145745,-2.29514500,0.03674429
150.60145745,-2.29697600,0.03646962
150.70145744,-2.29911200,0.03576769
150.80145744,-2.30094300,0.03506577
150.90145743,-2.30292700,0.03445540
151.00145743,-2.30567300,0.03396710
151.10145742,-2.30811500,0.03347880
151.20145741,-2.30979300,0.03259377
151.30145741,-2.31086200,0.03195288
151.40145740,-2.31391300,0.03167821
151.50145740,-2.31528700,0.03094577
151.60145739,-2.31772800,0.03045747
151.70145738,-2.32017000,0.02954192
151.80145738,-2.32200100,0.02920621
151.90145737,-2.32383200,0.02874844
152.00145737,-2.32520500,0.02847377
152.10145736,-2.32703600,0.02746666
152.20145735,-2.32978300,0.02664266
152.30145735,-2.33176700,0.02636799
152.40145734,-2.33298800,0.02523881
152.50145734,-2.33649700,0.02496414
152.60145733,-2.33710700,0.02447584
152.70145732,-2.33954900,0.02362133
152.80145732,-2.34077000,0.02307199
152.90145731,-2.34229600,0.02233955
153.00145731,-2.34397400,0.02172918
153.10145730,-2.34656800,0.02121036
153.20145729,-2.34794200,0.02066103
153.30145729,-2.34962000,0.02029481
153.40145728,-2.35145100,0.01953185
153.50145728,-2.35267200,0.01910459
153.60145727,-2.35435000,0.01843318
153.70145726,-2.35572400,0.01767022
153.80145726,-2.35831800,0.01684622
153.90145725,-2.35953900,0.01644948
154.00145725,-2.36121700,0.01617481
154.10145724,-2.36228500,0.01559496
154.20145724,-2.36442200,0.01443525
154.30145723,-2.36610000,0.01428266
154.40145722,-2.36747300,0.01336711
154.50145722,-2.36899900,0.01300089
154.60145721,-2.37006700,0.01223792
154.70145721,-2.37235600,0.01156652
154.80145720,-2.37357700,0.01092563
154.90145719,-2.37403500,0.01052889
155.00145719,-2.37693400,0.00988800
155.10145718,-2.37785000,0.00930815
155.20145718,-2.37907100,0.00854518
155.30145717,-2.38090200,0.00784326
155.40145716,-2.38197000,0.00726341
155.50145716,-2.38258000,0.00689718
155.60145715,-2.38486900,0.00631733
155.70145715,-2.38593700,0.00567644
155.80145714,-2.38792100,0.00491348
155.90145713,-2.38822600,0.00454726
156.00145713,-2.38959900,0.00396741
156.10145712,-2.39082000,0.00308237
156.20145712,-2.39265100,0.00256356
156.30145711,-2.39326100,0.00204474
156.40145710,-2.39478800,0.00112919
156.50145710,-2.39463500,0.00076296
156.60145709,-2.39524500,-0.00012207
156.70145709,-2.39722900,-0.00018311
156.80145708,-2.39753400,-0.00088504
156.90145707,-2.39921300,-0.00152593
157.00145707,-2.40028100,-0.00231941
157.10145706,-2.40180700,-0.00305185
157.20145706,-2.40180700,-0.00357067
157.30145705,-2.40318000,-0.00415052
157.40145705,-2.40409600,-0.00469985
157.50145704,-2.40531600,-0.00537126
157.60145703,-2.40638400,-0.00595111
157.70145703,-2.40699500,-0.00656148
157.80145702,-2.40913100,-0.00668355
157.90145702,-2.40882600,-0.00784326
158.00145701,-2.40943600,-0.00827052
158.10145700,-2.41035200,-0.00988800
158.20145700,-2.41233600,-0.01043733
158.30145699,-2.41279300,-0.01031526
158.40145699,-2.41264100,-0.01010163
158.50145698,-2.41325100,-0.01147496
158.60145697,-2.41416700,-0.01199377
158.70145697,-2.41569300,-0.01263466
158.80145696,-2.41477700,-0.01272622
158.90145696,-2.41599800,-0.01397748
159.00145695,-2.41721800,-0.01431318
159.10145694,-2.41798100,-0.01483200
159.20145694,-2.41843900,-0.01577807
159.30145693,-2.41966000,-0.01867733
159.40145693,-2.41981300,-0.01657155
159.50145692,-2.42011800,-0.01776177
159.60145691,-2.42042300,-0.01745659
159.70145691,-2.42103300,-0.01846370
159.80145690,-2.42179600,-0.01895199
159.90145690,-2.42179600,-0.02002014
160.00145689,-2.42255900,-0.02026429
160.10145688,-2.42149100,-0.02102725
160.20145688,-2.42347500,-0.02169866
160.30145687,-2.42317000,-0.02188177
160.40145687,-2.42362700,-0.02285836
160.50145686,-2.42469500,-0.02316355
160.60145686,-2.42454300,-0.02359081
160.70145685,-2.42469500,-0.02487259
160.80145684,-2.42515300,-0.02481155
160.90145684,-2.42515300,-0.02618488
161.00145683,-2.42484800,-0.02603229
161.10145683,-2.42576400,-0.02685629
161.20145682,-2.42637400,-0.02774132
161.30145681,-2.42667900,-0.02819910
161.40145681,-2.42667900,-0.02838221
161.50145680,-2.42667900,-0.02917570
161.60145680,-2.42622200,-0.02966399
161.70145679,-2.42652700,-0.03082369
161.80145678,-2.42698500,-0.03109836
161.90145678,-2.42744200,-0.03189184
162.00145677,-2.42713700,-0.03216651
162.10145677,-2.42774700,-0.03323466
162.20145676,-2.42744200,-0.03347880
162.30145675,-2.42759500,-0.03384503
162.40145675,-2.42790000,-0.03479110
162.50145674,-2.42790000,-0.03537095
162.60145674,-2.42729000,-0.03582873
162.70145673,-2.42729000,-0.03665273
162.80145672,-2.42637400,-0.03714103
162.90145672,-2.42759500,-0.03790399
163.00145671,-2.42713700,-0.03857540
163.10145671,-2.42698500,-0.03903317
163.20145670,-2.42637400,-0.03936888
163.30145669,-2.42698500,-0.04034547
163.40145669,-2.42606900,-0.04055910
163.50145668,-2.42591600,-0.04104739
163.60145668,-2.42484800,-0.04150517
163.70145667,-2.42484800,-0.04266488
163.80145667,-2.42500100,-0.04321421
163.90145666,-2.42408500,-0.04339732
164.00145665,-2.42469500,-0.04440443
164.10145665,-2.42240700,-0.04474013
164.20145664,-2.42317000,-0.04519791
164.30145664,-2.42439000,-0.04641865
164.40145663,-2.42225400,-0.04681540
164.50145662,-2.42179600,-0.04687643
164.60145662,-2.42149100,-0.04791406
164.70145661,-2.42194900,-0.04818873
164.80145661,-2.42057600,-0.04937895
164.90145660,-2.41996500,-0.04965362
165.00145659,-2.41996500,-0.05017243
165.10145659,-2.41966000,-0.05096591
165.20145658,-2.41859200,-0.05148473
165.30145658,-2.41752400,-0.05175939
165.40145657,-2.41737100,-0.05233924
165.50145656,-2.41584500,-0.05313272
165.60145656,-2.41691300,-0.05352946
165.70145655,-2.41584500,-0.05441450
165.80145655,-2.41431900,-0.05499435
165.90145654,-2.41401400,-0.05545213
166.00145653,-2.41294600,-0.05606250
166.10145653,-2.41203000,-0.05661184
166.20145652,-2.41187800,-0.05719168
166.30145652,-2.41004700,-0.05771050
166.40145651,-2.40974100,-0.05816828
166.50145650,-2.40897800,-0.05887020
166.60145650,-2.40867300,-0.05969420
166.70145649,-2.40897800,-0.06021302
166.80145649,-2.40653700,-0.06057924
166.90145648,-2.40623200,-0.06128117
167.00145648,-2.40501100,-0.06189154
167.10145647,-2.40424800,-0.06237983
167.20145646,-2.40348500,-0.06299020
167.30145646,-2.40272200,-0.06341746
167.40145645,-2.40165400,-0.06442457
167.50145645,-2.40089100,-0.06460769
167.60145644,-2.39921300,-0.06530961
167.70145643,-2.39845000,-0.06564531
167.80145643,-2.39860200,-0.06659139
167.90145642,-2.39616100,-0.06707969
168.00145642,-2.39509300,-0.06769005
168.10145641,-2.39371900,-0.06808680
168.20145640,-2.39265100,-0.06900235
168.30145640,-2.39127800,-0.06936857
168.40145639,-2.39097300,-0.06979583
168.50145639,-2.38883600,-0.07043672
168.60145638,-2.38746300,-0.07086398
168.70145637,-2.38746300,-0.07168798
168.80145637,-2.38578400,-0.07223731
168.90145636,-2.38471600,-0.07272561
169.00145636,-2.38273300,-0.07333598
169.10145635,-2.38135900,-0.07376324
169.20145634,-2.38074900,-0.07437361
169.30145634,-2.37891800,-0.07470931
169.40145633,-2.37754400,-0.07644887
169.50145633,-2.37617100,-0.07623523
169.60145632,-2.37479800,-0.07727286
169.70145631,-2.37403500,-0.07718131
169.80145631,-2.37235600,-0.07776116
169.90145630,-2.37022000,-0.07861568
170.00145630,-2.36854100,-0.07858516
170.10145629,-2.36701600,-0.07931761
170.20145629,-2.36610000,-0.08020264
170.30145628,-2.36335300,-0.08038575
170.40145627,-2.36320100,-0.08117923
170.50145627,-2.36182700,-0.08386487
170.60145626,-2.35862300,-0.08130131
170.70145626,-2.35831800,-0.08365124
170.80145625,-2.35587600,-0.08276620
170.90145624,-2.35435000,-0.08362071
171.00145624,-2.35328200,-0.08444472
171.10145623,-2.35068800,-0.08529923
171.20145623,-2.35023000,-0.08600116
171.30145622,-2.34794200,-0.08584857
171.40145621,-2.34656800,-0.08709983
171.50145621,-2.34489000,-0.08734398
171.60145620,-2.34305900,-0.08801538
171.70145620,-2.34153300,-0.08813746
171.80145619,-2.33985400,-0.08920560
171.90145618,-2.33726000,-0.08951079
172.00145618,-2.33603900,-0.08990753
172.10145617,-2.33390300,-0.09091464
172.20145617,-2.33191900,-0.09152501
172.30145616,-2.33054600,-0.09183019
172.40145615,-2.32810400,-0.09234901
172.50145615,-2.32673100,-0.09253212
172.60145614,-2.32276400,-0.09350871
172.70145614,-2.32215300,-0.09408856
172.80145613,-2.32032200,-0.09460738
172.90145612,-2.31849100,-0.09512620
173.00145612,-2.31559200,-0.09561449
173.10145611,-2.31360800,-0.09607227
173.20145611,-2.31223500,-0.09689627
173.30145610,-2.31086200,-0.09765923
173.40145610,-2.30735200,-0.09741508
173.50145609,-2.30582600,-0.09830012
173.60145608,-2.30338500,-0.09884945
173.70145608,-2.30079000,-0.09945982
173.80145607,-2.29926400,-0.09997864
173.90145607,-2.29697600,-0.10034490
174.00145606,-2.29499200,-0.10110780
174.10145605,-2.29255000,-0.10156560
174.20145605,-2.29056700,-0.10199290
174.30145604,-2.28751500,-0.10226750
174.40145604,-2.28476800,-0.10296950
174.50145603,-2.28324200,-0.10361030
174.60145602,-2.28095300,-0.10415970
174.70145602,-2.27881700,-0.10440380
174.80145601,-2.27607000,-0.10547200
174.90145601,-2.27408700,-0.10596030
175.00145600,-2.27256100,-0.10626540
175.10145599,-2.26828800,-0.10675370
175.20145599,-2.26569400,-0.10736410
175.30145598,-2.26340500,-0.10776090
175.40145598,-2.26172700,-0.10831020
175.50145597,-2.25928500,-0.10895110
175.60145596,-2.25653900,-0.10931730
175.70145596,-2.25379200,-0.10962250
175.80145595,-2.25013000,-0.11081270
175.90145595,-2.24890900,-0.11093480
176.00145594,-2.24601000,-0.11154520
176.10145593,-2.24356800,-0.11221660
176.20145593,-2.24082200,-0.11221660
176.30145592,-2.23838000,-0.11325420
176.40145592,-2.23639600,-0.11355940
176.50145591,-2.23273400,-0.11416970
176.60145591,-2.23059800,-0.11462750
176.70145590,-2.22754600,-0.11517690
176.80145589,-2.22541000,-0.11545150
176.90145589,-2.22159500,-0.11636710
177.00145588,-2.22052700,-0.11651970
177.10145588,-2.21671200,-0.11719110
177.20145587,-2.21411800,-0.11783200
177.30145586,-2.21198200,-0.11801510
177.40145586,-2.20770900,-0.11856440
177.50145585,-2.20496200,-0.11938840
177.60145585,-2.20236800,-0.11941890
177.70145584,-2.19962200,-0.12012090
177.80145583,-2.19672200,-0.12063970
177.90145583,-2.19412800,-0.12112800
178.00145582,-2.19061900,-0.12161630
178.10145582,-2.18741400,-0.12222660
178.20145581,-2.18604100,-0.12262340
178.30145580,-2.18222600,-0.12298960
178.40145580,-2.17947900,-0.12363050
178.50145579,-2.17612200,-0.12408830
178.60145579,-2.17246000,-0.12463760
178.70145578,-2.17032400,-0.12518690
178.80145577,-2.16650900,-0.12573630
178.90145577,-2.16391500,-0.12619400
179.00145576,-2.16071100,-0.12674340
179.10145576,-2.15781100,-0.12680440
179.20145575,-2.15460700,-0.12762840
179.30145574,-2.15079200,-0.12799460
179.40145574,-2.14697700,-0.12836090
179.50145573,-2.14407800,-0.12891020
179.60145573,-2.14148400,-0.12949000
179.70145572,-2.13751600,-0.13019200
179.80145572,-2.13461700,-0.13074130
179.90145571,-2.13095500,-0.13068030
180.00145570,-2.12775000,-0.13126010
180.10145570,-2.12530900,-0.13238930
180.20145569,-2.12179900,-0.13254190
180.30145569,-2.11874700,-0.13266400
180.40145568,-2.11493300,-0.13333540
180.50145567,-2.11157600,-0.13324380
180.60145567,-2.10837100,-0.13507490
180.70145566,-2.10455600,-0.13470870
180.80145566,-2.10242000,-0.13592940
180.90145565,-2.09845300,-0.13544110
181.00145564,-2.09402800,-0.13614310
181.10145564,-2.09143400,-0.13687550
181.20145563,-2.08746600,-0.13666190
181.30145563,-2.08456700,-0.13763850
181.40145562,-2.08014200,-0.13794370
181.50145561,-2.07739500,-0.13885920
181.60145561,-2.07419000,-0.13870660
181.70145560,-2.07129100,-0.14154480
181.80145560,-2.06595000,-0.13910340
181.90145559,-2.06320400,-0.14117860
182.00145558,-2.06030500,-0.14053770
182.10145558,-2.05587900,-0.14102600
182.20145557,-2.05160700,-0.14166690
182.30145557,-2.04840200,-0.14233830
182.40145556,-2.04458800,-0.14291820
182.50145555,-2.04016200,-0.14285710
182.60145555,-2.03665300,-0.14352860
182.70145554,-2.03329600,-0.14401680
182.80145554,-2.02871800,-0.14471880
182.90145553,-2.02642900,-0.14468820
183.00145553,-2.02200400,-0.14514600
183.10145552,-2.01849400,-0.14575640
183.20145551,-2.01452700,-0.14597000
183.30145551,-2.01086400,-0.14676350
183.40145550,-2.00643900,-0.14709920
183.50145550,-2.00140400,-0.14770960
183.60145549,-1.99911500,-0.14832000
183.70145548,-1.99514800,-0.14853360
183.80145548,-1.99118000,-0.14886930
183.90145547,-1.98690800,-0.14929660
184.00145547,-1.98187200,-0.14947970
184.10145546,-1.98004100,-0.15012050
184.20145545,-1.97515800,-0.15079200
184.30145545,-1.97149600,-0.15085300
184.40145544,-1.96676500,-0.15131080
184.50145544,-1.96279800,-0.15216530
184.60145543,-1.95974600,-0.15210430
184.70145542,-1.95455800,-0.15265360
184.80145542,-1.95074300,-0.15329450
184.90145541,-1.94662300,-0.15338600
185.00145541,-1.94296100,-0.15387430
185.10145540,-1.93884100,-0.15466780
185.20145539,-1.93365300,-0.15488140
185.30145539,-1.92999100,-0.15518660
185.40145538,-1.92678600,-0.15570540
185.50145538,-1.92190300,-0.15588850
185.60145537,-1.91869900,-0.15649890
185.70145537,-1.91335800,-0.15683460
185.80145536,-1.90954300,-0.15726190
185.90145535,-1.90496500,-0.15775020
186.00145535,-1.90160800,-0.15814690
186.10145534,-1.89642000,-0.15866570
186.20145534,-1.89275800,-0.15890990
186.30145533,-1.88909600,-0.15936770
186.40145532,-1.88406000,-0.15997800
186.50145532,-1.87978800,-0.16028320
186.60145531,-1.87490500,-0.16040530
186.70145531,-1.87200500,-0.16125980
186.80145530,-1.86697000,-0.16141240
186.90145529,-1.86208700,-0.16183960
187.00145529,-1.85689900,-0.16220590
187.10145528,-1.85399900,-0.16269420
187.20145528,-1.84972700,-0.16293830
187.30145527,-1.84453900,-0.16315190
187.40145526,-1.84026600,-0.16385390
187.50145526,-1.83645100,-0.16397600
187.60145525,-1.83156800,-0.16464740
187.70145525,-1.82683800,-0.16522720
187.80145524,-1.82195500,-0.16525770
187.90145523,-1.81646200,-0.16595970
188.00145523,-1.81386800,-0.16608170
188.10145522,-1.80883200,-0.16626480
188.20145522,-1.80303400,-0.16696680
188.30145521,-1.79998200,-0.16721090
188.40145520,-1.79555700,-0.16766870
188.50145520,-1.78975800,-0.16782130
188.60145519,-1.78563800,-0.16834010
188.70145519,-1.78060200,-0.16879790
188.80145518,-1.77617700,-0.16937770
188.90145518,-1.77129400,-0.16953030
189.00145517,-1.76549600,-0.16998810
189.10145516,-1.76000200,-0.17026280
189.20145516,-1.75664500,-0.17035430
189.30145515,-1.75145700,-0.17102570
189.40145515,-1.74657400,-0.17142250
189.50145514,-1.74275900,-0.17160560
189.60145513,-1.73833400,-0.17194130
189.70145513,-1.73314600,-0.17242960
189.80145512,-1.72856800,-0.17267370
189.90145512,-1.72338000,-0.17313150
190.00145511,-1.71834500,-0.17404710
190.10145510,-1.71392000,-0.17355880
190.20145510,-1.70980000,-0.17450480
190.30145509,-1.70430600,-0.17453530
190.40145509,-1.69805000,-0.17514570
190.50145508,-1.69393000,-0.17517620
190.60145507,-1.68935200,-0.17554250
190.70145507,-1.68446900,-0.17593920
190.80145506,-1.67897600,-0.17633590
190.90145506,-1.67333000,-0.17670220
191.00145505,-1.66951500,-0.17706840
191.10145504,-1.66463200,-0.17734310
191.20145504,-1.65913900,-0.17743460
191.30145503,-1.65425600,-0.17813650
191.40145503,-1.64861000,-0.17822810
191.50145502,-1.64433700,-0.17914370
191.60145501,-1.63838600,-0.17886900
191.70145501,-1.63396100,-0.17966250
191.80145500,-1.63045100,-0.18018130
191.90145500,-1.62495800,-0.17938780
192.00145499,-1.61854900,-0.17981510
192.10145499,-1.61473400,-0.18088320
192.20145498,-1.60893600,-0.18149360
192.30145497,-1.60435800,-0.18082220
192.40145497,-1.59764400,-0.18143250
192.50145496,-1.59367700,-0.18228710
192.60145496,-1.58848800,-0.18216500
192.70145495,-1.58436800,-0.18283640
192.80145494,-1.57841700,-0.18243970
192.90145494,-1.57322900,-0.18384350
193.00145493,-1.56743100,-0.18344680
193.10145493,-1.56148000,-0.18384350
193.20145492,-1.55674900,-0.18411820
193.30145491,-1.55156100,-0.18454540
193.40145491,-1.54637300,-0.18469800
193.50145490,-1.54072700,-0.18500320
193.60145490,-1.53569100,-0.18576620
193.70145489,-1.52989300,-0.18561360
193.80145488,-1.52424700,-0.18631550
193.90145488,-1.52028000,-0.18604080
194.00145487,-1.51432800,-0.18701740
194.10145487,-1.51005600,-0.18692590
194.20145486,-1.50486800,-0.18720050
194.30145485,-1.49861100,-0.18765830
194.40145485,-1.49296500,-0.18790250
194.50145484,-1.48793000,-0.18814660
194.60145484,-1.48228400,-0.18832970
194.70145483,-1.47740100,-0.18836020
194.80145482,-1.47221300,-0.18903160
194.90145482,-1.46656700,-0.18930630
195.00145481,-1.46061600,-0.18955050
195.10145481,-1.45527500,-0.18973360
195.20145480,-1.44886600,-0.19031340
195.30145480,-1.44398300,-0.19046600
195.40145479,-1.43803200,-0.19071020
195.50145478,-1.43269100,-0.19098480
195.60145478,-1.42643500,-0.19113740
195.70145477,-1.42201000,-0.19183940
195.80145477,-1.41621100,-0.19171730
195.90145476,-1.41087100,-0.19229710
196.00145475,-1.40430900,-0.19217510
196.10145475,-1.40034200,-0.19275490
196.20145474,-1.39393300,-0.19293800
196.30145474,-1.38828700,-0.19330420
196.40145473,-1.38248800,-0.19348730
196.50145472,-1.37608000,-0.19363990
196.60145472,-1.37134900,-0.19397560
196.70145471,-1.36524500,-0.19421980
196.80145471,-1.35944700,-0.19437240
196.90145470,-1.35502200,-0.19504380
197.00145469,-1.34846000,-0.19492170
197.10145469,-1.34266200,-0.19544050
197.20145468,-1.33777900,-0.19531850
197.30145468,-1.33076000,-0.19589830
197.40145467,-1.32572400,-0.19602040
197.50145466,-1.31855200,-0.19623400
197.60145466,-1.31428000,-0.19629510
197.70145465,-1.30848100,-0.19684440
197.80145465,-1.30283500,-0.19675280
197.90145464,-1.29718900,-0.19727160
198.00145463,-1.29032300,-0.19739370
198.10145463,-1.28589700,-0.19772940
198.20145462,-1.27979400,-0.19794300
198.30145462,-1.27414800,-0.19809560
198.40145461,-1.26850200,-0.19861450
198.50145461,-1.26163500,-0.19843130
198.60145460,-1.25583700,-0.19891960
198.70145459,-1.25003800,-0.19888910
198.80145459,-1.24485000,-0.19913330
198.90145458,-1.23859400,-0.19977420
199.00145458,-1.23218500,-0.19959110
199.10145457,-1.22638600,-0.19986570
199.20145456,-1.22043500,-0.20053710
199.30145456,-1.21402600,-0.20017090
199.40145455,-1.20838000,-0.20090330
199.50145455,-1.20212400,-0.20047610
199.60145454,-1.19617300,-0.20096440
199.70145453,-1.19068000,-0.20099490
199.80145453,-1.18350800,-0.20160530
199.90145452,-1.17816700,-0.20130010
200.00145452,-1.17297900,-0.20209360
200.10145451,-1.16733300,-0.20215460
200.20145450,-1.16153400,-0.20230720
200.30145450,-1.15466800,-0.20236820
200.40145449,-1.14886900,-0.20288710
200.50145449,-1.14200300,-0.20261240
200.60145448,-1.13620400,-0.20307020
200.70145447,-1.13025300,-0.20322280
200.80145447,-1.12491200,-0.20340590
200.90145446,-1.11880900,-0.20346690
201.00145446,-1.11194200,-0.20395520
201.10145445,-1.10599100,-0.20392470
201.20145444,-1.09881900,-0.20422990
201.30145444,-1.09363100,-0.20456560
201.40145443,-1.08813800,-0.20468760
201.50145443,-1.08249200,-0.20465710
201.60145442,-1.07532000,-0.20508440
201.70145442,-1.07058900,-0.20520650
201.80145441,-1.06311200,-0.20511490
201.90145440,-1.05685600,-0.20551160
202.00145440,-1.05105700,-0.20535910
202.10145439,-1.04571700,-0.20587790
202.20145439,-1.03854500,-0.20603050
202.30145438,-1.03228900,-0.20621360
202.40145437,-1.02649000,-0.20612200
202.50145437,-1.02084400,-0.20673240
202.60145436,-1.01382500,-0.20657980
202.70145436,-1.00680600,-0.20682390
202.80145435,-1.00177000,-0.20780050
202.90145434,-0.99505600,-0.20538960
203.00145434,-0.98864710,-0.20734280
203.10145433,-0.98239080,-0.20712910
203.20145433,-0.97689750,-0.20780050
203.30145432,-0.97018340,-0.20844140
203.40145431,-0.96469010,-0.20773950
203.50145431,-0.95736560,-0.20807520
203.60145430,-0.95080420,-0.20816670
203.70145430,-0.94393750,-0.20828880
203.80145429,-0.93783380,-0.20838040
203.90145428,-0.93249300,-0.20886870
204.00145428,-0.92516860,-0.20722070
204.10145427,-0.91937010,-0.20761740
204.20145427,-0.91204570,-0.20932650
204.30145426,-0.90746790,-0.20938750
204.40145425,-0.90014340,-0.20944850
204.50145425,-0.89358200,-0.20929590
204.60145424,-0.88732560,-0.20972320
204.70145424,-0.88152710,-0.21027250
204.80145423,-0.87420270,-0.21005890
204.90145423,-0.86825160,-0.21002840
205.00145422,-0.86062200,-0.20978420
205.10145421,-0.85512860,-0.21042510
205.20145421,-0.84917750,-0.21042510
205.30145420,-0.84307380,-0.21066930
205.40145420,-0.83559680,-0.21073030
205.50145419,-0.82903530,-0.21073030
205.60145418,-0.82277900,-0.21082190
205.70145418,-0.81637010,-0.21134070
205.80145417,-0.80935080,-0.21118810
205.90145417,-0.80385760,-0.21100500
206.00145416,-0.79668570,-0.21140170
206.10145415,-0.79088720,-0.21140170
206.20145415,-0.78493610,-0.21164590
206.30145414,-0.77837460,-0.21152380
206.40145414,-0.77089760,-0.21176790
206.50145413,-0.76555680,-0.21189000
206.60145412,-0.75869010,-0.21213420
206.70145412,-0.75167090,-0.21201210
206.80145411,-0.74571980,-0.21201210
206.90145411,-0.73946350,-0.21204260
207.00145410,-0.73259680,-0.21228680
207.10145409,-0.72573020,-0.21271400
207.20145409,-0.71947380,-0.21243930
207.30145408,-0.71337010,-0.21256140
207.40145408,-0.70650350,-0.21256140
207.50145407,-0.70070500,-0.21301920
207.60145406,-0.69338050,-0.21283610
207.70145406,-0.68697170,-0.21295820
207.80145405,-0.68071540,-0.21295820
207.90145405,-0.67461160,-0.21329390
208.00145404,-0.66728720,-0.21262240
208.10145404,-0.65919980,-0.21344650
208.20145403,-0.65385910,-0.21286660
208.30145402,-0.64745010,-0.21353800
208.40145402,-0.64195690,-0.21359900
208.50145401,-0.63417460,-0.21344650
208.60145401,-0.62776570,-0.21362960
208.70145400,-0.61998350,-0.21341590
208.80145399,-0.61449020,-0.21393470
208.90145399,-0.60838650,-0.21372110
209.00145398,-0.60060430,-0.21384320
209.10145398,-0.59419540,-0.21350750
209.20145397,-0.58793910,-0.21402630
209.30145396,-0.57969910,-0.21387370
209.40145396,-0.57435830,-0.21417890
209.50145395,-0.56703390,-0.21417890
209.60145395,-0.56123540,-0.21393470
209.70145394,-0.55513170,-0.21411790
209.80145393,-0.54750200,-0.21423990
209.90145393,-0.54002500,-0.21433150
210.00145392,-0.53376870,-0.21420940
210.10145392,-0.52766500,-0.21469770
210.20145391,-0.52064580,-0.21463670
210.30145390,-0.51393170,-0.21430100
210.40145390,-0.50798060,-0.21445360
210.50145389,-0.50004580,-0.21433150
210.60145389,-0.49287390,-0.21463670
210.70145388,-0.48692280,-0.21463670
210.80145387,-0.48051390,-0.21478930
210.90145387,-0.47334210,-0.21457560
211.00145386,-0.46693320,-0.21469770
211.10145386,-0.46021910,-0.21454510
211.20145385,-0.45319990,-0.21466720
211.30145385,-0.44602800,-0.21475880
211.40145384,-0.43946650,-0.21457560
211.50145383,-0.43321030,-0.21488080
211.60145383,-0.42695390,-0.21481980
211.70145382,-0.41978210,-0.21460620
211.80145382,-0.41352580,-0.21481980
211.90145381,-0.40635400,-0.21457560
212.00145380,-0.39887690,-0.21488080
212.10145380,-0.39307840,-0.21457560
212.20145379,-0.38544880,-0.21463670
212.30145379,-0.37888730,-0.21475880
212.40145378,-0.37202060,-0.21469770
212.50145377,-0.36561170,-0.21478930
212.60145377,-0.35966060,-0.21494190
212.70145376,-0.35142060,-0.21475880
212.80145376,-0.34516430,-0.21506390
212.90145375,-0.33768730,-0.21546070
213.00145374,-0.33158360,-0.21423990
213.10145374,-0.32486950,-0.21500290
213.20145373,-0.31785030,-0.21420940
213.30145373,-0.31083100,-0.21460620
213.40145372,-0.30472730,-0.21488080
213.50145371,-0.29755550,-0.21460620
213.60145371,-0.29084140,-0.21454510
213.70145370,-0.28397470,-0.21488080
213.80145370,-0.27756580,-0.21430100
213.90145369,-0.27024140,-0.21439250
214.00145368,-0.26352730,-0.21485030
214.10145368,-0.25742360,-0.21494190
214.20145367,-0.25116730,-0.21509440
214.30145367,-0.24323250,-0.21411790
214.40145366,-0.23636590,-0.21445360
214.50145366,-0.22965180,-0.21466720
214.60145365,-0.22232730,-0.21420940
214.70145364,-0.21546070,-0.21414840
214.80145364,-0.20950960,-0.21423990
214.90145363,-0.20111700,-0.21442300
215.00145363,-0.19531850,-0.21445360
215.10145362,-0.18723100,-0.21362960
215.20145361,-0.18250070,-0.21536910
215.30145361,-0.17487110,-0.21396530
215.40145360,-0.16815700,-0.21399580
215.50145360,-0.16022220,-0.21362960
215.60145359,-0.15350810,-0.21408730
215.70145358,-0.14694660,-0.21378220
215.80145358,-0.14099550,-0.21350750
215.90145357,-0.13321330,-0.21390420
216.00145357,-0.12588890,-0.21329390
216.10145356,-0.11948000,-0.21387370
216.20145355,-0.11276590,-0.21362960
216.30145355,-0.10605180,-0.21369060
216.40145354,-0.09872738,-0.21347700
216.50145354,-0.09140293,-0.21301920
216.60145353,-0.08545183,-0.21338540
216.70145352,-0.07934812,-0.21314130
216.80145352,-0.07217628,-0.21353800
216.90145351,-0.06485184,-0.21326330
217.00145351,-0.05767998,-0.21286660
217.10145350,-0.05142369,-0.21277510
217.20145349,-0.04531999,-0.21292760
217.30145349,-0.03891110,-0.21268350
217.40145348,-0.03036592,-0.21250040
217.50145348,-0.02395703,-0.21222570
217.60145347,-0.01648000,-0.21207310
217.70145347,-0.01129185,-0.21243930
217.80145346,-0.00442518,-0.21262240
217.90145345,0.00366222,-0.21222570
218.00145345,0.01007111,-0.21216470
218.10145344,0.01709037,-0.21185950
218.20145344,0.02426222,-0.21213420
218.30145343,0.02975555,-0.21176790
218.40145342,0.03830073,-0.21161530
218.50145342,0.04409925,-0.21127960
218.60145341,0.05142369,-0.21155430
218.70145341,0.05722221,-0.21146280
218.80145340,0.06408887,-0.21109650
218.90145339,0.07141331,-0.21082190
219.00145339,0.07904294,-0.21097450
219.10145338,0.08590961,-0.21073030
219.20145338,0.09155553,-0.21091340
219.30145337,0.09994812,-0.21039460
219.40145336,0.10635700,-0.21011990
219.50145336,0.11307110,-0.21066930
219.60145335,0.12039550,-0.21024200
219.70145335,0.12695700,-0.21002840
219.80145334,0.13519700,-0.20960110
219.90145333,0.14069030,-0.20981480
220.00145333,0.14709920,-0.20993680
220.10145332,0.15533920,-0.20960110
220.20145332,0.16098510,-0.20950960
220.30145331,0.16830960,-0.20932650
220.40145330,0.17517620,-0.20944850
220.50145330,0.18189030,-0.20929590
220.60145329,0.18860440,-0.20883820
220.70145329,0.19653920,-0.20896020
220.80145328,0.20203250,-0.20865500
220.90145328,0.20935700,-0.20844140
221.00145327,0.21622360,-0.20856350
221.10145326,0.22278510,-0.20816670
221.20145326,0.22843100,-0.20807520
221.30145325,0.23636590,-0.20813620
221.40145325,0.24277470,-0.20758690
221.50145324,0.24994660,-0.20764790
221.60145323,0.25666070,-0.20758690
221.70145323,0.26429030,-0.20725120
221.80145322,0.26978360,-0.20703760
221.90145322,0.27665030,-0.20725120
222.00145321,0.28046510,-0.20670190
222.10145320,0.28717920,-0.20682390
222.20145320,0.29679250,-0.20621360
222.30145319,0.30274360,-0.20648820
222.40145319,0.31083100,-0.20618300
222.50145318,0.31693470,-0.20596940
222.60145317,0.32410660,-0.20557270
222.70145317,0.32975250,-0.20557270
222.80145316,0.33768730,-0.20517590
222.90145316,0.34409620,-0.20529800
223.00145315,0.35096280,-0.20532850
223.10145314,0.35721920,-0.20526750
223.20145314,0.36484880,-0.20487080
223.30145313,0.37247840,-0.20462660
223.40145313,0.37919250,-0.20438250
223.50145312,0.38453320,-0.20404680
223.60145311,0.39170510,-0.20438250
223.70145311,0.39902950,-0.20386370
223.80145310,0.40528580,-0.20377210
223.90145310,0.41245760,-0.20349740
224.00145309,0.41978210,-0.20270390
224.10145309,0.42634360,-0.20340590
224.20145308,0.43183690,-0.20279550
224.30145307,0.43839840,-0.20276500
224.40145307,0.44633320,-0.20279550
224.50145306,0.45182650,-0.20218510
224.60145306,0.45899840,-0.20236820
224.70145305,0.46525470,-0.20191050
224.80145304,0.47273170,-0.20160530
224.90145304,0.47929320,-0.20166630
225.00145303,0.48615990,-0.20087280
225.10145303,0.49241610,-0.20090330
225.20145302,0.49958800,-0.20114750
225.30145301,0.50630210,-0.20023190
225.40145301,0.51210060,-0.20139160
225.50145300,0.51927240,-0.20004880
225.60145300,0.52629170,-0.19974360
225.70145299,0.53254800,-0.19995730
225.80145298,0.53941460,-0.19934690
225.90145298,0.54551830,-0.19949950
226.00145297,0.55223240,-0.19922480
226.10145297,0.55986210,-0.19882810
226.20145296,0.56627090,-0.19855340
226.30145295,0.57176430,-0.20038450
226.40145295,0.57969910,-0.19788200
226.50145294,0.58641310,-0.19806510
226.60145294,0.59389020,-0.19702750
226.70145293,0.60014650,-0.19751580
226.80145292,0.60670800,-0.19702750
226.90145292,0.61220130,-0.19681390
227.00145291,0.61983090,-0.19666130
227.10145291,0.62608720,-0.19632560
227.20145290,0.63295390,-0.19611190
227.30145290,0.63997320,-0.19586780
227.40145289,0.64607690,-0.19583730
227.50145288,0.65309610,-0.19577620
227.60145288,0.65813170,-0.19522690
227.70145287,0.66454050,-0.19495220
227.80145287,0.67232280,-0.19483020
227.90145286,0.67873170,-0.19428080
228.00145285,0.68651380,-0.19400620
228.10145285,0.69093910,-0.19425030
228.20145284,0.69841610,-0.19336530
228.30145284,0.70528270,-0.19357890
228.40145283,0.71291240,-0.19287700
228.50145282,0.71932130,-0.19306010
228.60145282,0.72481460,-0.19251080
228.70145281,0.73061310,-0.19241920
228.80145281,0.73747980,-0.19208350
228.90145280,0.74526200,-0.19150360
229.00145279,0.75106050,-0.19138160
229.10145279,0.75762200,-0.19138160
229.20145278,0.76540420,-0.19064910
229.30145278,0.77028720,-0.19067960
229.40145277,0.77700130,-0.19064910
229.50145276,0.78386790,-0.19000820
229.60145276,0.79012420,-0.18979460
229.70145275,0.79561750,-0.18961150
229.80145275,0.80278940,-0.18927580
229.90145274,0.80935080,-0.18869590
230.00145273,0.81560720,-0.18863490
230.10145273,0.82140570,-0.18842130
230.20145272,0.82857750,-0.18814660
230.30145272,0.83452860,-0.18793300
230.40145271,0.84170050,-0.18720050
230.50145271,0.84826200,-0.18680380
230.60145270,0.85482350,-0.18704790
230.70145269,0.86062200,-0.18659020
230.80145269,0.86733600,-0.18649860
230.90145268,0.87405010,-0.18579670
231.00145268,0.88045900,-0.18552200
231.10145267,0.88625750,-0.18530840
231.20145266,0.89220860,-0.18512530
231.30145266,0.89999090,-0.18472850
231.40145265,0.90487380,-0.18472850
231.50145265,0.91250340,-0.18424020
231.60145264,0.91753900,-0.18399610
231.70145263,0.92486350,-0.18359940
231.80145263,0.93081460,-0.18329420
231.90145262,0.93722340,-0.18289740
232.00145262,0.94332710,-0.18277530
232.10145261,0.94927820,-0.18207340
232.20145260,0.95583970,-0.18189030
232.30145260,0.96240120,-0.18170720
232.40145259,0.96911530,-0.18088320
232.50145259,0.97415080,-0.18091370
232.60145258,0.98071230,-0.18091370
232.70145257,0.98712120,-0.18021180
232.80145257,0.99337750,-0.17978450
232.90145256,0.99932860,-0.17960140
233.00145256,1.00573700,-0.17938780
233.10145255,1.01290900,-0.17908260
233.20145255,1.01870800,-0.17865540
233.30145254,1.02542200,-0.17835020
233.40145253,1.03076300,-0.17831960
233.50145253,1.03778200,-0.17792290
233.60145252,1.04342800,-0.17719050
233.70145252,1.05044700,-0.17688530
233.80145251,1.05655100,-0.17624440
233.90145250,1.06158600,-0.17627490
234.00145250,1.06814800,-0.17572560
234.10145249,1.07440400,-0.17563400
234.20145249,1.08050800,-0.17557300
234.30145248,1.08737400,-0.17419970
234.40145247,1.09332600,-0.17490160
234.50145247,1.09881900,-0.17419970
234.60145246,1.10446500,-0.17386390
234.70145246,1.11117900,-0.17307050
234.80145245,1.11758800,-0.17337570
234.90145244,1.12445400,-0.17282630
235.00145244,1.12918500,-0.17258220
235.10145243,1.13589900,-0.17215490
235.20145243,1.14185000,-0.17123940
235.30145242,1.14703800,-0.17142250
235.40145241,1.15329400,-0.17078160
235.50145241,1.15878800,-0.17053740
235.60145240,1.16473900,-0.17047640
235.70145240,1.17175800,-0.16949980
235.80145239,1.17816700,-0.16907250
235.90145238,1.18228700,-0.16949980
236.00145238,1.18900100,-0.16870630
236.10145237,1.19541000,-0.16834010
236.20145237,1.20059800,-0.16834010
236.30145236,1.20792300,-0.16800440
236.40145236,1.21219500,-0.16779080
236.50145235,1.21829900,-0.16641740
236.60145234,1.22531800,-0.16583760
236.70145234,1.23065900,-0.16629540
236.80145233,1.23661000,-0.16580710
236.90145233,1.24240900,-0.16537980
237.00145232,1.24851200,-0.16525770
237.10145231,1.25415800,-0.16452530
237.20145231,1.26087200,-0.16370130
237.30145230,1.26682300,-0.16223640
237.40145230,1.27201200,-0.16263310
237.50145229,1.27750500,-0.16327400
237.60145228,1.28360900,-0.16196170
237.70145228,1.28879700,-0.16241950
237.80145227,1.29566300,-0.16147340
237.90145227,1.30085100,-0.16122930
238.00145226,1.30710800,-0.16083250
238.10145225,1.31260100,-0.16055790
238.20145225,1.31794200,-0.16006960
238.30145224,1.32450300,-0.15976440
238.40145224,1.33014900,-0.15930660
238.50145223,1.33579500,-0.15890990
238.60145222,1.34159400,-0.15872680
238.70145222,1.34647700,-0.15814690
238.80145221,1.35303800,-0.15750600
238.90145221,1.35853100,-0.15720080
239.00145220,1.36433000,-0.15689570
239.10145219,1.36921300,-0.15668200
239.20145219,1.37562200,-0.15619370
239.30145218,1.38096300,-0.15582750
239.40145218,1.38706600,-0.15491200
239.50145217,1.39256000,-0.15482040
239.60145217,1.39774800,-0.15451520
239.70145216,1.40324100,-0.15399640
239.80145215,1.40888700,-0.15335550
239.90145215,1.41483800,-0.15295880
240.00145214,1.42033100,-0.15295880
240.10145214,1.42552000,-0.15186010
240.20145213,1.43116500,-0.15173800
240.30145212,1.43665900,-0.15158540
240.40145212,1.44184700,-0.15097510
240.50145211,1.44718800,-0.15051730
240.60145211,1.45390200,-0.15002900
240.70145210,1.45878500,-0.14954070
240.80145209,1.46427800,-0.14923550
240.90145209,1.47038200,-0.14908290
241.00145208,1.47450200,-0.14825890
241.10145208,1.47999500,-0.14786220
241.20145207,1.48670900,-0.14737390
241.30145206,1.49189700,-0.14712970
241.40145206,1.49678000,-0.14658040
241.50145205,1.50196800,-0.14615310
241.60145205,1.50776700,-0.14569540
241.70145204,1.51249700,-0.14523760
241.80145203,1.51768600,-0.14477980
241.90145203,1.52378900,-0.14447460
242.00145202,1.52836700,-0.14386430
242.10145202,1.53325000,-0.14334540
242.20145201,1.53950600,-0.14310130
242.30145200,1.54408400,-0.14261300
242.40145200,1.54912000,-0.14221630
242.50145199,1.55461300,-0.14145330
242.60145199,1.56102200,-0.14120910
242.70145198,1.56560000,-0.14065980
242.80145198,1.57109300,-0.14041570
242.90145197,1.57658600,-0.13989680
243.00145196,1.58208000,-0.13922540
243.10145196,1.58742000,-0.13892020
243.20145195,1.59123500,-0.13870660
243.30145195,1.59749100,-0.13797420
243.40145194,1.60252700,-0.13739430
243.50145193,1.60786800,-0.13705860
243.60145193,1.61229300,-0.13666190
243.70145192,1.61809100,-0.13608200
243.80145192,1.62358500,-0.13550220
243.90145191,1.62801000,-0.13495280
244.00145190,1.63365600,-0.13470870
244.10145190,1.63823400,-0.13452560
244.20145189,1.64296400,-0.13361000
244.30145189,1.64708400,-0.13345740
244.40145188,1.65349300,-0.13293860
244.50145187,1.65852800,-0.13238930
244.60145187,1.66295400,-0.13171790
244.70145186,1.66844700,-0.13147370
244.80145186,1.67302500,-0.13104650
244.90145185,1.67760200,-0.13034460
245.00145184,1.68355400,-0.13034460
245.10145184,1.68813100,-0.12945950
245.20145183,1.69164100,-0.12900170
245.30145183,1.69759200,-0.12857450
245.40145182,1.70217000,-0.12787260
245.50145181,1.70690000,-0.12762840
245.60145181,1.71346200,-0.12701800
245.70145180,1.71697100,-0.12646870
245.80145180,1.72154900,-0.12591940
245.90145179,1.72719500,-0.12552260
246.00145179,1.73101000,-0.12494280
246.10145178,1.73635100,-0.12463760
246.20145177,1.74092800,-0.12384410
246.30145177,1.74642200,-0.12360000
246.40145176,1.75191500,-0.12317270
246.50145176,1.75511900,-0.12286750
246.60145175,1.75954500,-0.12216560
246.70145174,1.76381700,-0.12192140
246.80145174,1.76946300,-0.12100590
246.90145173,1.77388800,-0.12045660
247.00145173,1.77892400,-0.11993770
247.10145172,1.78334900,-0.11975460
247.20145171,1.78685900,-0.11984620
247.30145171,1.79311500,-0.11804560
247.40145170,1.79723500,-0.11749630
247.50145170,1.80135500,-0.11798460
247.60145169,1.80578000,-0.11691640
247.70145168,1.81051100,-0.11624500
247.80145168,1.81615700,-0.11606190
247.90145167,1.81936100,-0.11569570
248.00145167,1.82393900,-0.11505480
248.10145166,1.82958500,-0.11447490
248.20145165,1.83355200,-0.11416970
248.30145165,1.83828200,-0.11346780
248.40145164,1.84072400,-0.11542100
248.50145164,1.84713300,-0.11169770
248.60145163,1.85049000,-0.11218600
248.70145162,1.85705100,-0.11090430
248.80145162,1.86040800,-0.11108740
248.90145161,1.86468100,-0.11038540
249.00145161,1.86971700,-0.10965300
249.10145160,1.87414200,-0.10910370
249.20145160,1.87871900,-0.10849330
249.30145159,1.88207700,-0.10855430
249.40145158,1.88665400,-0.10760830
249.50145158,1.89062200,-0.10742520
249.60145157,1.89504700,-0.10663170
249.70145157,1.89901400,-0.10629600
249.80145156,1.90298200,-0.10583820
249.90145155,1.90771200,-0.10480060
250.00145155,1.91076400,-0.10458690
250.10145154,1.91610500,-0.10385450
250.20145154,1.92037700,-0.10348830
250.30145153,1.92373400,-0.10306100
250.40145152,1.92831200,-0.10254220
250.50145152,1.93380500,-0.10184030
250.60145151,1.93701000,-0.10159610
250.70145151,1.94067200,-0.10055850
250.80145150,1.94479200,-0.10049750
250.90145149,1.94799600,-0.09964293
251.00145149,1.95333700,-0.09933775
251.10145148,1.95699900,-0.09869686
251.20145148,1.96066200,-0.09848323
251.30145147,1.96508700,-0.09768975
251.40145146,1.96905400,-0.09701834
251.50145146,1.97302200,-0.09653004
251.60145145,1.97729400,-0.09619434
251.70145145,1.98126200,-0.09530930
251.80145144,1.98583900,-0.09491257
251.90145143,1.98873900,-0.09457686
252.00145143,1.99209600,-0.09390546
252.10145142,1.99789400,-0.09317301
252.20145142,1.99972500,-0.09298990
252.30145141,2.00445600,-0.09225745
252.40145141,2.00766000,-0.09143345
252.50145140,2.01178000,-0.09106723
252.60145139,2.01559500,-0.09045686
252.70145139,2.01986800,-0.09012116
252.80145138,2.02337700,-0.08966338
252.90145138,2.02627600,-0.08890042
253.00145137,2.03009100,-0.08825953
253.10145136,2.03390600,-0.08786279
253.20145136,2.03802600,-0.08697775
253.30145135,2.04107800,-0.08651997
253.40145135,2.04458800,-0.08609272
253.50145134,2.04886000,-0.08572649
253.60145133,2.05221700,-0.08517716
253.70145133,2.05664200,-0.08465835
253.80145132,2.05938900,-0.08374279
253.90145132,2.06366200,-0.08337657
254.00145131,2.06686600,-0.08304086
254.10145130,2.07098600,-0.08212531
254.20145130,2.07480100,-0.08182012
254.30145129,2.07739500,-0.08108768
254.40145129,2.08090400,-0.08047731
254.50145128,2.08533000,-0.07989746
254.60145127,2.08868700,-0.07953124
254.70145127,2.09250200,-0.07852413
254.80145126,2.09570600,-0.07791375
254.90145126,2.09906300,-0.07763909
255.00145125,2.10104700,-0.07705924
255.10145124,2.10608200,-0.07675405
255.20145124,2.10852400,-0.07650990
255.30145123,2.11249100,-0.07480086
255.40145123,2.11615300,-0.07495346
255.50145122,2.11844200,-0.07455672
255.60145122,2.12118900,-0.07364117
255.70145121,2.12546200,-0.07318339
255.80145120,2.12836100,-0.07269509
255.90145120,2.13156500,-0.07229835
256.00145119,2.13492200,-0.07138279
256.10145119,2.13843200,-0.07126072
256.20145118,2.14163600,-0.07007050
256.30145117,2.14453600,-0.06997894
256.40145117,2.14774000,-0.06936857
256.50145116,2.15002900,-0.06884976
256.60145116,2.15445400,-0.06814783
256.70145115,2.15735300,-0.06729332
256.80145114,2.16101600,-0.06683554
256.90145114,2.16254200,-0.06646931
257.00145113,2.16574600,-0.06585895
257.10145113,2.16940800,-0.06518754
257.20145112,2.17261300,-0.06442457
257.30145111,2.17597000,-0.06399731
257.40145111,2.17825900,-0.06357005
257.50145110,2.18146300,-0.06265450
257.60145110,2.18466800,-0.06234932
257.70145109,2.18726200,-0.06170843
257.80145108,2.18939800,-0.06112858
257.90145108,2.19321300,-0.06064028
258.00145107,2.19657000,-0.06009094
258.10145107,2.19870600,-0.05972472
258.20145106,2.20114800,-0.05969420
258.30145105,2.20679300,-0.05682547
258.40145105,2.20893000,-0.05725272
258.50145104,2.21060800,-0.05676443
258.60145104,2.21411800,-0.05682547
258.70145103,2.21564400,-0.05578784
258.80145103,2.21915300,-0.05523850
258.90145102,2.22113700,-0.05484176
259.00145101,2.22495200,-0.05438399
259.10145101,2.22724100,-0.05374309
259.20145100,2.22968200,-0.05288858
259.30145100,2.23303900,-0.05233924
259.40145099,2.23273400,-0.05404828
259.50145098,2.23807500,-0.05066073
259.60145098,2.24127900,-0.05072176
259.70145097,2.24280500,-0.04934843
259.80145097,2.24646800,-0.04956206
259.90145096,2.24845100,-0.04904325
260.00145095,2.25058700,-0.04837184
260.10145095,2.25348700,-0.04757836
260.20145094,2.25623300,-0.04724265
260.30145094,2.25837000,-0.04663228
260.40145093,2.26096400,-0.04593036
260.50145092,2.26416800,-0.04531999
260.60145092,2.26615200,-0.04470962
260.70145091,2.26783000,-0.04416028
260.80145091,2.27164500,-0.04348888
260.90145090,2.27225600,-0.04330577
261.00145089,2.27408700,-0.04223762
261.10145089,2.27729100,-0.04144414
261.20145088,2.27942800,-0.04135258
261.30145088,2.28156400,-0.04077273
261.40145087,2.28507300,-0.04010132
261.50145086,2.28675200,-0.03955199
261.60145086,2.28858300,-0.03860591
261.70145085,2.29041400,-0.03814813
261.80145085,2.29224500,-0.03775140
261.90145084,2.29575500,-0.03704947
262.00145084,2.29819600,-0.03634755
262.10145083,2.29941700,-0.03561510
262.20145082,2.30246900,-0.03518784
262.30145082,2.30323200,-0.03488266
262.40145081,2.30628400,-0.03430280
262.50145081,2.30842000,-0.03326517
262.60145080,2.30918300,-0.03314310
262.70145079,2.31162500,-0.03244118
262.80145079,2.31284500,-0.03155614
262.90145078,2.31681300,-0.03091525
263.00145078,2.31833900,-0.03048799
263.10145077,2.32032200,-0.02984710
263.20145076,2.32200100,-0.02948088
263.30145076,2.32444200,-0.02862636
263.40145075,2.32703600,-0.02771081
263.50145075,2.32795200,-0.02771081
263.60145074,2.32963000,-0.02710044
263.70145073,2.33161400,-0.02612384
263.80145073,2.33451300,-0.02502518
263.90145072,2.33436100,-0.02499466
264.00145072,2.33726000,-0.02414014
264.10145071,2.33878600,-0.02380444
264.20145070,2.34092200,-0.02343822
264.30145070,2.34336400,-0.02255318
264.40145069,2.34427900,-0.02221747
264.50145069,2.34519500,-0.02154607
264.60145068,2.34855200,-0.02063051
264.70145067,2.34946800,-0.02008118
264.80145067,2.35023000,-0.01986755
264.90145066,2.35206200,-0.01892148
265.00145066,2.35450300,-0.01840266
265.10145065,2.35633400,-0.01828059
265.20145065,2.35709700,-0.01635792
265.30145064,2.35816500,-0.01724296
265.40145063,2.36030100,-0.01574755
265.50145063,2.36289500,-0.01528977
265.60145062,2.36335300,-0.01522874
265.70145062,2.36549000,-0.01400800
265.80145061,2.36640500,-0.01364177
265.90145060,2.36854100,-0.01281777
266.00145060,2.36884700,-0.01229896
266.10145059,2.37006700,-0.01193274
266.20145059,2.37220400,-0.01104770
266.30145058,2.37388200,-0.01074252
266.40145057,2.37403500,-0.00997955
266.50145057,2.37601900,-0.00955229
266.60145056,2.37647600,-0.00924711
266.70145056,2.37815500,-0.00811792
266.80145055,2.38105400,-0.00775170
266.90145054,2.38105400,-0.00704978
267.00145054,2.38273300,-0.00616474
267.10145053,2.38319000,-0.00592059
267.20145053,2.38349600,-0.00515763
267.30145052,2.38578400,-0.00421155
267.40145051,2.38685300,-0.00424207
267.50145051,2.38822600,-0.00317393
267.60145050,2.38929400,-0.00277718
267.70145050,2.39173600,-0.00241096
267.80145049,2.39234600,-0.00128178
267.90145048,2.39356700,-0.00100711
268.00145048,2.39387200,-0.00021363
268.10145047,2.39433000,0.00006104
268.20145047,2.39585600,0.00088504
268.30145046,2.39616100,0.00149541
268.40145046,2.39814400,0.00225837
268.50145045,2.39845000,0.00256356
268.60145044,2.39936500,0.00320444
268.70145044,2.39982300,0.00412000
268.80145043,2.40119600,0.00421155
268.90145043,2.40287500,0.00527970
269.00145042,2.40302800,0.00570696
269.10145041,2.40333300,0.00628681
269.20145041,2.40485900,0.00738548
269.30145040,2.40546900,0.00683615
269.40145040,2.40638400,0.00836207
269.50145039,2.40699500,0.00805689
269.60145038,2.40684200,0.00967437
269.70145038,2.40882600,0.01016266
269.80145037,2.40913100,0.01013215
269.90145037,2.41019900,0.01110874
270.00145036,2.41111500,0.01202429
270.10145035,2.41157300,0.01245155
270.20145035,2.41279300,0.01309244
270.30145034,2.41386200,0.01480148
270.40145034,2.41279300,0.01486251
270.50145033,2.41508200,0.01449629
270.60145032,2.41508200,0.01547288
270.70145032,2.41523500,0.01559496
270.80145031,2.41508200,0.01641896
270.90145031,2.41676100,0.01699881
271.00145030,2.41599800,0.01760918
271.10145029,2.41660800,0.01864681
271.20145029,2.41737100,0.01873836
271.30145028,2.41737100,0.01940977
271.40145028,2.41767600,0.02014222
271.50145027,2.41905000,0.02072207
271.60145027,2.41859200,0.02142399
271.70145026,2.41950800,0.02206488
271.80145025,2.42057600,0.02261421
271.90145025,2.41996500,0.02322458
272.00145024,2.42027000,0.02395703
272.10145024,2.42164400,0.02410962
272.20145023,2.42103300,0.02514725
272.30145022,2.42210100,0.02536088
272.40145022,2.42088100,0.02642903
272.50145021,2.42225400,0.02694784
272.60145021,2.42164400,0.02728355
272.70145020,2.42255900,0.02789392
272.80145019,2.42210100,0.02862636
272.90145019,2.42423800,0.02941984
273.00145018,2.42240700,0.02957243
273.10145018,2.42240700,0.02999970
273.20145017,2.42301700,0.03091525
273.30145016,2.42225400,0.03161718
273.40145016,2.42317000,0.03238014
273.50145015,2.42225400,0.03250221
273.60145015,2.42255900,0.03311258
273.70145014,2.42194900,0.03424177
273.80145013,2.42164400,0.03445540
273.90145013,2.42179600,0.03515732
274.00145012,2.42179600,0.03555406
274.10145012,2.42225400,0.03616443
274.20145011,2.42133900,0.03683584
274.30145010,2.42164400,0.03765984
274.40145010,2.41981300,0.03793451
274.50145009,2.42133900,0.03906369
274.60145009,2.42042300,0.03955199
274.70145008,2.42027000,0.03973510
274.80145008,2.42027000,0.04040651
274.90145007,2.41935500,0.04074221
275.00145006,2.41966000,0.04184088
275.10145006,2.41843900,0.04217658
275.20145005,2.41950800,0.04266488
275.30145005,2.41828700,0.04348888
275.40145004,2.41828700,0.04397717
275.50145003,2.41843900,0.04470962
275.60145003,2.41782900,0.04516739
275.70145002,2.41782900,0.04605243
275.80145002,2.41660800,0.04705954
275.90145001,2.41569300,0.04742576
276.00145000,2.41584500,0.04760887
276.10145000,2.41508200,0.04818873
276.20144999,2.41462400,0.04824976
276.30144999,2.41340400,0.04995880
276.40144998,2.41325100,0.04974517
276.50144997,2.41203000,0.05056917
276.60144997,2.41111500,0.05099643
276.70144996,2.41264100,0.05169836
276.80144996,2.41172500,0.05252235
276.90144995,2.40989400,0.05301065
277.00144994,2.40958900,0.05343791
277.10144994,2.40867300,0.05395672
277.20144993,2.40684200,0.05456709
277.30144993,2.40760500,0.05517747
277.40144992,2.40684200,0.05578784
277.50144992,2.40607900,0.05636769
277.60144991,2.40516400,0.05676443
277.70144990,2.40440100,0.05761895
277.80144990,2.40363800,0.05819880
277.90144989,2.40241700,0.05890072
278.00144989,2.40150100,0.05932798
278.10144988,2.40043300,0.05990783
278.20144987,2.39951800,0.06045717
278.30144987,2.39845000,0.06067080
278.40144986,2.39753400,0.06170843
278.50144986,2.39677100,0.06222724
278.60144985,2.39646600,0.06299020
278.70144984,2.39448200,0.06353953
278.80144984,2.39371900,0.06393628
278.90144983,2.39356700,0.06442457
279.00144983,2.39188800,0.06530961
279.10144982,2.39066700,0.06543168
279.20144981,2.38975200,0.06643879
279.30144981,2.38898900,0.06674398
279.40144980,2.38654700,0.06741539
279.50144980,2.38639500,0.06805628
279.60144979,2.38471600,0.06854457
279.70144978,2.38395300,0.06909391
279.80144978,2.38166500,0.06973480
279.90144977,2.38029100,0.07016205
280.00144977,2.37983300,0.07086398
280.10144976,2.37815500,0.07080294
280.20144975,2.37861300,0.07415998
280.30144975,2.37586600,0.07238990
280.40144974,2.37418700,0.07373272
280.50144974,2.37327200,0.07345805
280.60144973,2.37250900,0.07391583
280.70144973,2.37006700,0.07498398
280.80144972,2.36945700,0.07522812
280.90144971,2.36808400,0.07608265
281.00144971,2.36671000,0.07641835
281.10144970,2.36442200,0.07742546
281.20144970,2.36350600,0.07748649
281.30144969,2.36030100,0.07599109
281.40144968,2.36075900,0.07928709
281.50144968,2.35862300,0.07907346
281.60144967,2.35648700,0.08017212
281.70144967,2.35648700,0.08032472
281.80144966,2.35374000,0.08087405
281.90144965,2.35145100,0.08154546
282.00144965,2.34946800,0.08200324
282.10144964,2.34885700,0.08270516
282.20144964,2.34656800,0.08328501
282.30144963,2.34504200,0.08389539
282.40144962,2.34366900,0.08432264
282.50144962,2.34183800,0.08484146
282.60144961,2.33985400,0.08545183
282.70144961,2.33832800,0.08612324
282.80144960,2.33619200,0.08645894
282.90144959,2.33420800,0.08685568
283.00144959,2.33222500,0.08758812
283.10144958,2.33054600,0.08825953
283.20144958,2.32932500,0.08893093
283.30144957,2.32718900,0.08941923
283.40144956,2.32520500,0.09012116
283.50144956,2.32306900,0.09057894
283.60144955,2.32169600,0.09109775
283.70144955,2.31986500,0.09128086
283.80144954,2.31666000,0.09186071
283.90144954,2.31528700,0.09250160
284.00144953,2.31391300,0.09317301
284.10144952,2.31238700,0.09363079
284.20144952,2.30994600,0.09396649
284.30144951,2.30719900,0.09485152
284.40144951,2.30552100,0.09527878
284.50144950,2.30231600,0.09588916
284.60144949,2.30140100,0.09634694
284.70144949,2.29911200,0.09680471
284.80144948,2.29636500,0.09735405
284.90144948,2.29438200,0.09796441
285.00144947,2.29163500,0.09857479
285.10144946,2.29041400,0.09891049
285.20144946,2.28736200,0.09942930
285.30144945,2.28537900,0.10031430
285.40144945,2.28400500,0.10089420
285.50144944,2.28156400,0.10153510
285.60144943,2.27912200,0.10153510
285.70144943,2.27683300,0.10254220
285.80144942,2.27469700,0.10266430
285.90144942,2.27210300,0.10339670
286.00144941,2.26935600,0.10342720
286.10144940,2.26737300,0.10446490
286.20144940,2.26493100,0.10504470
286.30144939,2.26172700,0.10544150
286.40144939,2.25959000,0.10617390
286.50144938,2.25638600,0.10620440
286.60144937,2.25455500,0.10712000
286.70144937,2.25135000,0.10742520
286.80144936,2.24875600,0.10794400
286.90144936,2.24707800,0.10873740
287.00144935,2.24356800,0.10907320
287.10144935,2.24097400,0.10940890
287.20144934,2.23822700,0.10998870
287.30144933,2.23654900,0.11081270
287.40144933,2.23395500,0.11127050
287.50144932,2.23166600,0.11175880
287.60144932,2.22846200,0.11236910
287.70144931,2.22602000,0.11267430
287.80144930,2.22342600,0.11316260
287.90144930,2.22052700,0.11380350
288.00144929,2.21701700,0.11401720
288.10144929,2.21518600,0.11478010
288.20144928,2.21305000,0.11526840
288.30144927,2.20938800,0.11572620
288.40144927,2.20725100,0.11621450
288.50144926,2.20343600,0.11655020
288.60144926,2.20130000,0.11719110
288.70144925,2.19824800,0.11770990
288.80144924,2.19473900,0.11828970
288.90144924,2.19199200,0.11890010
289.00144923,2.18894000,0.11880860
289.10144923,2.18665100,0.11984620
289.20144922,2.18344700,0.12063970
289.30144921,2.18009000,0.12033450
289.40144921,2.17673300,0.12146370
289.50144920,2.17490100,0.12146370
289.60144920,2.17139200,0.12237920
289.70144919,2.16864500,0.12286750
289.80144918,2.16498300,0.12298960
289.90144918,2.16299900,0.12378310
290.00144917,2.15918400,0.12436290
290.10144917,2.15659000,0.12466810
290.20144916,2.15323400,0.12546160
290.30144916,2.15063900,0.12561420
290.40144915,2.14529900,0.12616350
290.50144914,2.14331500,0.12652970
290.60144914,2.13980500,0.12704860
290.70144913,2.13736400,0.12735370
290.80144913,2.13431200,0.12805570
290.90144912,2.13095500,0.12897120
291.00144911,2.12820800,0.12891020
291.10144911,2.12332500,0.12912380
291.20144910,2.12118900,0.12903230
291.30144910,2.11722200,0.13034460
291.40144909,2.11417000,0.13147370
291.50144908,2.11081300,0.13129060
291.60144908,2.10669300,0.13153480
291.70144907,2.10440400,0.13214520
291.80144907,2.10013100,0.13303020
291.90144906,2.09646900,0.13379310
292.00144905,2.09357000,0.13388470
292.10144905,2.09006000,0.13385420
292.20144904,2.08609300,0.13293860
292.30144904,2.08365100,0.13586840
292.40144903,2.07937900,0.13513600
292.50144902,2.07617400,0.13592940
292.60144902,2.07342700,0.13660090
292.70144901,2.07022300,0.13727230
292.80144901,2.06610300,0.13754690
292.90144900,2.06167800,0.13797420
293.00144899,2.05847300,0.13843200
293.10144899,2.05572700,0.13885920
293.20144898,2.05145400,0.13943910
293.30144898,2.04763900,0.13959170
293.40144897,2.04458800,0.14029360
293.50144897,2.04138300,0.14050720
293.60144896,2.03695800,0.14123970
293.70144895,2.03314300,0.14160590
293.80144895,2.02887100,0.14212470
293.90144894,2.02536100,0.14279610
294.00144894,2.02108800,0.14288770
294.10144893,2.01849400,0.14349800
294.20144892,2.01422200,0.14410840
294.30144892,2.01010200,0.14392530
294.40144891,2.00643900,0.14481030
294.50144891,2.00277700,0.14517650
294.60144890,1.99881000,0.14535970
294.70144889,1.99499500,0.14627520
294.80144889,1.99194300,0.14633630
294.90144888,1.98721300,0.14709920
295.00144888,1.98248200,0.14731280
295.10144887,1.98004100,0.14764850
295.20144886,1.97531100,0.14801480
295.30144886,1.97149600,0.14886930
295.40144885,1.96783400,0.14914390
295.50144885,1.96249300,0.14963220
295.60144884,1.95867800,0.15009000
295.70144883,1.95562600,0.15024260
295.80144883,1.95028500,0.15082250
295.90144882,1.94692800,0.15112770
296.00144882,1.94265600,0.15152440
296.10144881,1.93884100,0.15213480
296.20144880,1.93426300,0.15268410
296.30144880,1.93151600,0.15326400
296.40144879,1.92571800,0.15292820
296.50144879,1.92236100,0.15414900
296.60144878,1.91747800,0.15405740
296.70144878,1.91396800,0.15451520
296.80144877,1.91076400,0.15546130
296.90144876,1.90618600,0.15512560
297.00144876,1.90206600,0.15576650
297.10144875,1.89672500,0.15619370
297.20144875,1.89077400,0.15652940
297.30144874,1.88848500,0.15701770
297.40144873,1.88360200,0.15750600
297.50144873,1.88009300,0.15775020
297.60144872,1.87475200,0.15820800
297.70144872,1.87093700,0.15866570
297.80144871,1.86712200,0.15906250
297.90144870,1.86223900,0.15933710
298.00144870,1.85811900,0.15979490
298.10144869,1.85338900,0.16010010
298.20144869,1.85018500,0.16071050
298.30144868,1.84453900,0.16113770
298.40144867,1.83950300,0.16144290
298.50144867,1.83538300,0.16183960
298.60144866,1.83111100,0.16238900
298.70144866,1.82592200,0.16275520
298.80144865,1.82271800,0.16306040
298.90144864,1.81814000,0.16345710
299.00144864,1.81310500,0.16357920
299.10144863,1.80867900,0.16418960
299.20144863,1.80394900,0.16473890
299.30144862,1.79982900,0.16486100
299.40144861,1.79464100,0.16528820
299.50144861,1.79052100,0.16553240
299.60144860,1.78579100,0.16592910
299.70144860,1.78060200,0.16653950
299.80144859,1.77602500,0.16663110
299.90144859,1.77144700,0.16730250
300.00144858,1.76717400,0.16748560
300.10144857,1.76198600,0.16812650
300.20144857,1.75817100,0.16809590
300.30144856,1.75313600,0.16858420
300.40144856,1.74810000,0.16901150
300.50144855,1.74367500,0.16965240
300.60144854,1.73970800,0.16986600
300.70144854,1.73375700,0.17004910
300.80144853,1.72872100,0.17032380
300.90144853,1.72414300,0.17096470
301.00144852,1.71987100,0.17142250
301.10144851,1.71529300,0.17160560
301.20144851,1.70995200,0.17197180
301.30144850,1.70461100,0.17242960
301.40144850,1.70033900,0.17288740
301.50144849,1.69530300,0.17307050
301.60144848,1.68981000,0.17343670
301.70144848,1.68492700,0.17352820
301.80144847,1.67989100,0.17416910
301.90144847,1.67516100,0.17423020
302.00144846,1.67058300,0.17514570
302.10144845,1.66631100,0.17465740
302.20144845,1.66142800,0.17542040
302.30144844,1.65547700,0.17511520
302.40144844,1.65074600,0.17654960
302.50144843,1.64571100,0.17627490
302.60144842,1.64098000,0.17676320
302.70144842,1.63594500,0.17716000
302.80144841,1.63045100,0.17740410
302.90144841,1.62526300,0.17783140
303.00144840,1.62083800,0.17828910
303.10144840,1.61503900,0.17917420
303.20144839,1.61137700,0.18024230
303.30144838,1.60496800,0.17859430
303.40144838,1.59962800,0.17935730
303.50144837,1.59459200,0.18008970
303.60144837,1.58925100,0.18015080
303.70144836,1.58421600,0.18027280
303.80144835,1.57902800,0.18045600
303.90144835,1.57490800,0.18091370
304.00144834,1.56926200,0.18121890
304.10144834,1.56376800,0.18195140
304.20144833,1.55873300,0.18207340
304.30144832,1.55308700,0.18265330
304.40144832,1.54805100,0.18259220
304.50144831,1.54271100,0.18274480
304.60144831,1.53737000,0.18326360
304.70144830,1.53141900,0.18341620
304.80144829,1.52699400,0.18350780
304.90144829,1.52043200,0.18402660
305.00144828,1.51616000,0.18439280
305.10144828,1.51005600,0.18457590
305.20144827,1.50578300,0.18512530
305.30144826,1.49983200,0.18527790
305.40144826,1.49433900,0.18594930
305.50144825,1.48991400,0.18604080
305.60144825,1.48381000,0.18643760
305.70144824,1.47831700,0.18671220
305.80144823,1.47282300,0.18668170
305.90144823,1.46778800,0.18717000
306.00144822,1.46260000,0.18768880
306.10144822,1.45634300,0.18768880
306.20144821,1.45100200,0.18784140
306.30144821,1.44581400,0.18826870
306.40144820,1.43986300,0.18851280
306.50144819,1.43391200,0.18900110
306.60144819,1.42979200,0.18930630
306.70144818,1.42460400,0.18936740
306.80144818,1.41819500,0.18985570
306.90144817,1.41239700,0.19006930
307.00144816,1.40583500,0.19025240
307.10144816,1.40186800,0.19031340
307.20144815,1.39576400,0.19043550
307.30144815,1.38981300,0.19077120
307.40144814,1.38401400,0.19107640
307.50144813,1.37852100,0.19159520
307.60144813,1.37348600,0.19162570
307.70144812,1.36738200,0.19229710
307.80144812,1.36143100,0.19211400
307.90144811,1.35609000,0.19263280
308.00144810,1.35074900,0.19278540
308.10144810,1.34479800,0.19315170
308.20144809,1.33900000,0.19348730
308.30144809,1.33350600,0.19342630
308.40144808,1.32786000,0.19354840
308.50144807,1.32206200,0.19376200
308.60144807,1.31565300,0.19421980
308.70144806,1.31031200,0.19461650
308.80144806,1.30436100,0.19486070
308.90144805,1.29841000,0.19492170
309.00144804,1.29306900,0.19547100
309.10144804,1.28803400,0.19562370
309.20144803,1.28070900,0.19559310
309.30144803,1.27491100,0.19592880
309.40144802,1.26987500,0.19623400
309.50144802,1.26392400,0.19623400
309.60144801,1.25827800,0.19653920
309.70144800,1.25232700,0.19727160
309.80144800,1.24683400,0.19696650
309.90144799,1.24118800,0.19757680
310.00144799,1.23508400,0.19766840
310.10144798,1.22806500,0.19763790
310.20144797,1.22211400,0.19818720
310.30144797,1.21677300,0.19837030
310.40144796,1.20914300,0.19843130
310.50144796,1.20502300,0.19888910
310.60144795,1.19892000,0.19882810
310.70144794,1.19357900,0.19907220
310.80144794,1.18579700,0.19959110
310.90144793,1.18121900,0.19959110
311.00144793,1.17465700,0.19959110
311.10144792,1.16931700,0.20017090
311.20144791,1.16275500,0.20017090
311.30144791,1.15665100,0.20050660
311.40144790,1.15100600,0.20090330
311.50144790,1.14520700,0.20056760
311.60144789,1.13910300,0.20093390
311.70144788,1.13406800,0.20126960
311.80144788,1.12720100,0.20139160
311.90144787,1.12109700,0.20151370
312.00144787,1.11407800,0.20139160
312.10144786,1.10904300,0.20197150
312.20144785,1.10324400,0.20230720
312.30144785,1.09683500,0.20249030
312.40144784,1.09073200,0.20242930
312.50144784,1.08310200,0.20270390
312.60144783,1.07776100,0.20291760
312.70144783,1.07135200,0.20325330
312.80144782,1.06509600,0.20343640
312.90144781,1.05914500,0.20365000
313.00144781,1.05349900,0.20297860
313.10144780,1.04815800,0.20429090
313.20144780,1.04098600,0.20328380
313.30144779,1.03427200,0.20438250
313.40144778,1.02832100,0.20480970
313.50144778,1.02237000,0.20413830
313.60144777,1.01596100,0.20456560
313.70144777,1.00985800,0.20459610
313.80144776,1.00344900,0.20526750
313.90144775,0.99719230,0.20511490
314.00144775,0.99200420,0.20645770
314.10144774,0.98513750,0.20648820
314.20144774,0.97949150,0.20514540
314.30144773,0.97247230,0.20584740
314.40144772,0.96591090,0.20590840
314.50144772,0.96026490,0.20603050
314.60144771,0.95477160,0.20633560
314.70144771,0.94729450,0.20624410
314.80144770,0.94180120,0.20679340
314.90144769,0.93478200,0.20694600
315.00144769,0.92883090,0.20667130
315.10144768,0.92196420,0.20679340
315.20144768,0.91570790,0.20700710
315.30144767,0.90975680,0.20709860
315.40144766,0.90304270,0.20770900
315.50144766,0.89617600,0.20737330
315.60144765,0.88930930,0.20767850
315.70144765,0.88427380,0.20777000
315.80144764,0.87771230,0.20767850
315.90144764,0.87084570,0.20816670
316.00144763,0.86458940,0.20825830
316.10144762,0.85818050,0.20810570
316.20144762,0.85177160,0.20850250
316.30144761,0.84505750,0.20862450
316.40144761,0.83986940,0.20874660
316.50144760,0.83147680,0.20862450
316.60144759,0.82537310,0.20865500
316.70144759,0.81835380,0.20886870
316.80144758,0.81347080,0.20883820
316.90144758,0.80660420,0.20926540
317.00144757,0.80004270,0.20917390
317.10144756,0.79378640,0.20941800
317.20144756,0.78707240,0.20941800
317.30144755,0.78066350,0.20966220
317.40144755,0.77455980,0.20996730
317.50144754,0.76693020,0.20957060
317.60144753,0.76189460,0.21036410
317.70144753,0.75457010,0.20990630
317.80144752,0.74770350,0.20993680
317.90144752,0.74068420,0.21015050
318.00144751,0.73473310,0.21060820
318.10144750,0.72832420,0.21039460
318.20144750,0.72206800,0.21027250
318.30144749,0.71489610,0.21039460
318.40144749,0.70863980,0.21069980
318.50144748,0.70238350,0.21051670
318.60144747,0.69536420,0.21112700
318.70144747,0.68926050,0.21082190
318.80144746,0.68193610,0.21115760
318.90144746,0.67674790,0.21127960
319.00144745,0.67003390,0.21106600
319.10144745,0.66270940,0.21118810
319.20144744,0.65752130,0.21198160
319.30144743,0.65004430,0.21097450
319.40144743,0.64394060,0.21182900
319.50144742,0.63707390,0.21155430
319.60144742,0.63081760,0.21210360
319.70144741,0.62318800,0.21189000
319.80144740,0.61601610,0.21185950
319.90144740,0.60991240,0.21164590
320.00144739,0.60319830,0.21204260
320.10144739,0.59770500,0.21198160
320.20144738,0.59022800,0.21228680
320.30144737,0.58458200,0.21198160
320.40144737,0.57649460,0.21240880
320.50144736,0.57008580,0.21207310
320.60144736,0.56398210,0.21222570
320.70144735,0.55711540,0.21243930
320.80144734,0.55024870,0.21213420
320.90144734,0.54338200,0.21243930
321.00144733,0.53682060,0.21210360
321.10144733,0.53041170,0.21259190
321.20144732,0.52293470,0.21243930
321.30144731,0.51759390,0.21253090
321.40144731,0.51026950,0.21289710
321.50144730,0.50248720,0.21250040
321.60144730,0.49577320,0.21268350
321.70144729,0.48951690,0.21283610
321.80144728,0.48326060,0.21240880
321.90144728,0.47608880,0.21298870
322.00144727,0.46952730,0.21250040
322.10144727,0.46281320,0.21246990
322.20144726,0.45655690,0.21295820
322.30144726,0.45014800,0.21256140
322.40144725,0.44267100,0.21292760
322.50144724,0.43626210,0.21311070
322.60144724,0.42939540,0.21289710
322.70144723,0.42283390,0.21292760
322.80144723,0.41581470,0.21314130
322.90144722,0.40955840,0.21280560
323.00144721,0.40253910,0.21259190
323.10144721,0.39506210,0.21298870
323.20144720,0.38819550,0.21301920
323.30144720,0.38163400,0.21283610
323.40144719,0.37507250,0.21298870
323.50144718,0.36774810,0.21274450
323.60144718,0.36164430,0.21295820
323.70144717,0.35569320,0.21289710
323.80144717,0.34714800,0.21213420
323.90144716,0.34195990,0.21338540
324.00144715,0.33494060,0.21384320
324.10144715,0.32731100,0.21213420
324.20144714,0.32181770,0.21295820
324.30144714,0.31418810,0.21320230
324.40144713,0.30854210,0.21274450
324.50144712,0.30075990,0.21314130
324.60144712,0.29450360,0.21317180
324.70144711,0.28702660,0.21250040
324.80144711,0.28046510,0.21298870
324.90144710,0.27558210,0.21466720
325.00144710,0.26703690,0.21323280
325.10144709,0.26032290,0.21243930
325.20144708,0.25330360,0.21298870
325.30144708,0.24719990,0.21259190
325.40144707,0.23957030,0.21271400
325.50144707,0.23392440,0.21268350
325.60144706,0.22614220,0.21210360
325.70144705,0.21988590,0.21271400
325.80144705,0.21271400,0.21240880
325.90144704,0.20554220,0.21231730
326.00144704,0.19837030,0.21222570
326.10144703,0.19165620,0.21228680
326.20144702,0.18539990,0.21234780
326.30144702,0.17838070,0.21231730
326.40144701,0.17258220,0.21240880
326.50144701,0.16480000,0.21176790
326.60144700,0.15793330,0.21225620
326.70144699,0.15060880,0.21189000
326.80144699,0.14450510,0.21195100
326.90144698,0.13672290,0.21185950
327.00144698,0.13016140,0.21161530
327.10144697,0.12512590,0.21176790
327.20144696,0.11673330,0.21210360
327.30144696,0.11047700,0.21155430
327.40144695,0.10284740,0.21149330
327.50144695,0.09643849,0.21179850
327.60144694,0.08987701,0.21155430
327.70144693,0.08255257,0.21118810
327.80144693,0.07492294,0.21124910
327.90144692,0.06851406,0.21137120
328.00144692,0.06195258,0.21106600
328.10144691,0.05493332,0.21124910
328.20144691,0.04745628,0.21106600
328.30144690,0.04119999,0.21091340
328.40144689,0.03357036,0.21066930
328.50144689,0.02792444,0.21060820
328.60144688,0.02075259,0.21060820
328.70144688,0.01419111,0.21057770
328.80144687,0.00671407,0.21033360
328.90144686,0.00000000,0.21057770
329.00144686,-0.00732444,0.21018100
329.10144685,-0.01327555,0.21039460
329.20144685,-0.01983703,0.21002840
329.30144684,-0.02761925,0.21011990
329.40144683,-0.03433332,0.20957060
329.50144683,-0.03982665,0.21021150
329.60144682,-0.04852443,0.20999790
329.70144682,-0.05478073,0.20957060
329.80144681,-0.06195258,0.20966220
329.90144680,-0.06790368,0.20920440
330.00144680,-0.07568590,0.20911280
330.10144679,-0.08270516,0.20923490
330.20144679,-0.08957183,0.20880760
330.30144678,-0.09521775,0.20905180
330.40144677,-0.10284740,0.20896020
330.50144677,-0.11017180,0.20847190
330.60144676,-0.11673330,0.20862450
330.70144676,-0.12344740,0.20850250
330.80144675,-0.13000880,0.20831940
330.90144674,-0.13626510,0.20841090
331.00144674,-0.14374220,0.20792260
331.10144673,-0.15045620,0.20746480
331.20144673,-0.15778070,0.20795310
331.30144672,-0.16327400,0.20767850
331.40144672,-0.17166660,0.20743430
331.50144671,-0.17929620,0.20725120
331.60144670,-0.18372140,0.20725120
331.70144670,-0.19165620,0.20700710
331.80144669,-0.19806510,0.20679340
331.90144669,-0.20584740,0.20694600
332.00144668,-0.21332440,0.20661030
332.10144667,-0.21897030,0.20664080
332.20144667,-0.22598960,0.20651880
332.30144666,-0.23300880,0.20621360
332.40144666,-0.23911250,0.20627460
332.50144665,-0.24689470,0.20578630
332.60144664,-0.25315100,0.20581680
332.70144664,-0.25910210,0.20563370
332.80144663,-0.26703690,0.20554220
332.90144663,-0.27390360,0.20526750
333.00144662,-0.28046510,0.20545060
333.10144661,-0.28748430,0.20514540
333.20144661,-0.29511400,0.20508440
333.30144660,-0.30121770,0.20477920
333.40144660,-0.30671100,0.20462660
333.50144659,-0.31434070,0.20429090
333.60144658,-0.32166510,0.20429090
333.70144658,-0.32853170,0.20377210
333.80144657,-0.33524580,0.20389420
333.90144657,-0.34089170,0.20346690
334.00144656,-0.34791100,0.20352790
334.10144655,-0.35523550,0.20316170
334.20144655,-0.36103400,0.20282600
334.30144654,-0.36805320,0.20294810
334.40144654,-0.37614060,0.20300910
334.50144653,-0.38224430,0.20258190
334.60144653,-0.38880580,0.20252080
334.70144652,-0.39628290,0.20151370
334.80144651,-0.40147100,0.20352790
334.90144651,-0.40803250,0.20221560
335.00144650,-0.41520430,0.20209360
335.10144650,-0.42298650,0.20093390
335.20144649,-0.42893760,0.20120850
335.30144648,-0.43610950,0.20108650
335.40144648,-0.44236580,0.20065920
335.50144647,-0.44877470,0.20056760
335.60144647,-0.45670950,0.20038450
335.70144646,-0.46311840,0.19983520
335.80144645,-0.46845910,0.20142220
335.90144645,-0.47761470,0.19965210
336.00144644,-0.48310800,0.19956050
336.10144644,-0.49058500,0.19992670
336.20144643,-0.49714650,0.19910280
336.30144642,-0.50309770,0.19861450
336.40144642,-0.51011690,0.19907220
336.50144641,-0.51805170,0.19824820
336.60144641,-0.52400280,0.19818720
336.70144640,-0.52919100,0.19812620
336.80144639,-0.53743090,0.19806510
336.90144639,-0.54292430,0.19782100
337.00144638,-0.55009620,0.19748530
337.10144638,-0.55742060,0.19718010
337.20144637,-0.56291390,0.19711910
337.30144636,-0.56993320,0.19656970
337.40144636,-0.57710500,0.19641710
337.50144635,-0.58305620,0.19626450
337.60144635,-0.59038050,0.19605090
337.70144634,-0.59663680,0.19595930
337.80144634,-0.60335090,0.19574570
337.90144633,-0.61082800,0.19501330
338.00144632,-0.61632130,0.19528790
338.10144632,-0.62364570,0.19479960
338.20144631,-0.63005470,0.19489120
338.30144631,-0.63707390,0.19418930
338.40144630,-0.64333020,0.19425030
338.50144629,-0.65065460,0.19370100
338.60144629,-0.65630050,0.19351790
338.70144628,-0.66316720,0.19351790
338.80144628,-0.66942350,0.19342630
338.90144627,-0.67583240,0.19302960
339.00144626,-0.68178350,0.19275490
339.10144626,-0.68865020,0.19257180
339.20144625,-0.69505910,0.19162570
339.30144625,-0.70192570,0.19199190
339.40144624,-0.70909760,0.19156470
339.50144623,-0.71459090,0.19141210
339.60144623,-0.72176280,0.19107640
339.70144622,-0.72817160,0.19107640
339.80144622,-0.73412280,0.19043550
339.90144621,-0.74114200,0.19003880
340.00144620,-0.74739830,0.19043550
340.10144620,-0.75395980,0.18936740
340.20144619,-0.76097910,0.18945890
340.30144619,-0.76754050,0.18927580
340.40144618,-0.77318640,0.18897060
340.50144617,-0.78005310,0.18878750
340.60144617,-0.78707240,0.18826870
340.70144616,-0.79287090,0.18811610
340.80144616,-0.80050050,0.18784140
340.90144615,-0.80614640,0.18723100
341.00144615,-0.81331830,0.18723100
341.10144614,-0.81911680,0.18655960
341.20144613,-0.82583090,0.18671220
341.30144613,-0.83132420,0.18628500
341.40144612,-0.83895390,0.18564410
341.50144612,-0.84490500,0.18561360
341.60144611,-0.85131380,0.18539990
341.70144610,-0.85787530,0.18524730
341.80144610,-0.86413160,0.18472850
341.90144609,-0.87069310,0.18466750
342.00144609,-0.87786490,0.18433180
342.10144608,-0.88381600,0.18381300
342.20144607,-0.89068270,0.18366040
342.30144607,-0.89556570,0.18341620
342.40144606,-0.90319530,0.18292800
342.50144606,-0.90899380,0.18240910
342.60144605,-0.91586050,0.18216500
342.70144604,-0.92242190,0.18176820
342.80144604,-0.92852560,0.18216500
342.90144603,-0.93386640,0.18143250
343.00144603,-0.94164860,0.18115790
343.10144602,-0.94653160,0.18045600
343.20144601,-0.95339820,0.18051700
343.30144601,-0.95950190,0.18021180
343.40144600,-0.96591090,0.17999820
343.50144600,-0.97277750,0.17917420
343.60144599,-0.97918640,0.17893000
343.70144598,-0.98452710,0.17880790
343.80144598,-0.99169900,0.17874690
343.90144597,-0.99749750,0.17835020
344.00144597,-1.00451700,0.17764820
344.10144596,-1.01077300,0.17777030
344.20144596,-1.01611400,0.17740410
344.30144595,-1.02374300,0.17703790
344.40144594,-1.02923700,0.17658010
344.50144594,-1.03518800,0.17603080
344.60144593,-1.04190200,0.17575610
344.70144593,-1.04693700,0.17560350
344.80144592,-1.05258300,0.17517620
344.90144591,-1.05929700,0.17462690
345.00144591,-1.06616400,0.17438280
345.10144590,-1.07120000,0.17392500
345.20144590,-1.07806600,0.17380290
345.30144589,-1.08493300,0.17349770
345.40144588,-1.09012100,0.17276530
345.50144588,-1.09637700,0.17273480
345.60144587,-1.10156600,0.17255160
345.70144587,-1.10766900,0.17352820
345.80144586,-1.11529900,0.17093420
345.90144585,-1.12064000,0.17212440
346.00144585,-1.12674300,0.17114780
346.10144584,-1.13300000,0.17035430
346.20144584,-1.13864600,0.17023230
346.30144583,-1.14520700,0.16983550
346.40144582,-1.15100600,0.16977450
346.50144582,-1.15726200,0.16925570
346.60144581,-1.16260300,0.16892000
346.70144581,-1.16992700,0.16834010
346.80144580,-1.17679400,0.16592910
346.90144579,-1.18106600,0.16830960
347.00144579,-1.18656000,0.16751610
347.10144578,-1.19266300,0.16705830
347.20144578,-1.19953000,0.16592910
347.30144577,-1.20654900,0.16614280
347.40144577,-1.21158500,0.16602070
347.50144576,-1.21768900,0.16599020
347.60144575,-1.22318200,0.16461680
347.70144575,-1.22943800,0.16431160
347.80144574,-1.23523700,0.16437270
347.90144574,-1.24118800,0.16373180
348.00144573,-1.24668100,0.16373180
348.10144572,-1.25293700,0.16287730
348.20144572,-1.25812600,0.16269420
348.30144571,-1.26392400,0.16220590
348.40144571,-1.27002800,0.16214480
348.50144570,-1.27628400,0.16153450
348.60144569,-1.28330300,0.16074100
348.70144569,-1.28711800,0.16092410
348.80144568,-1.29337400,0.16037480
348.90144568,-1.29978300,0.15985590
349.00144567,-1.30451400,0.15967280
349.10144566,-1.31046500,0.15918450
349.20144566,-1.31717900,0.15881830
349.30144565,-1.32236700,0.15869620
349.40144565,-1.32862300,0.15787220
349.50144564,-1.33426900,0.15701770
349.60144563,-1.33991500,0.15726190
349.70144563,-1.34540800,0.15677360
349.80144562,-1.35120700,0.15610220
349.90144562,-1.35639500,0.15576650
350.00144561,-1.36326200,0.15549180
350.10144560,-1.36738200,0.15543080
350.20144560,-1.37363800,0.15469830
350.30144559,-1.37958900,0.15433210
350.40144559,-1.38508300,0.15356910
350.50144558,-1.39072800,0.15344710
350.60144558,-1.39652700,0.15305030
350.70144557,-1.40247800,0.15244000
350.80144556,-1.40766600,0.15228740
350.90144556,-1.41331200,0.15182960
351.00144555,-1.41880500,0.15124970
351.10144555,-1.42475700,0.15079200
351.20144554,-1.42948700,0.15060880
351.30144553,-1.43467500,0.15015110
351.40144553,-1.44108400,0.14944910
351.50144552,-1.44596700,0.14941860
351.60144552,-1.45161300,0.14844200
351.70144551,-1.45664800,0.14841150
351.80144550,-1.46275200,0.14792320
351.90144550,-1.46870300,0.14752650
352.00144549,-1.47404400,0.14703820
352.10144549,-1.47908000,0.14639730
352.20144548,-1.48533600,0.14612260
352.30144547,-1.48945600,0.14551230
352.40144547,-1.49571200,0.14526810
352.50144546,-1.49983200,0.14496290
352.60144546,-1.50654600,0.14386430
352.70144545,-1.51066600,0.14407790
352.80144544,-1.51692200,0.14313180
352.90144544,-1.52195800,0.14319280
353.00144543,-1.52790900,0.14261300
353.10144543,-1.53447100,0.14151430
353.20144542,-1.53798000,0.14166690
353.30144541,-1.54271100,0.14160590
353.40144541,-1.54927200,0.14038520
353.50144540,-1.55400300,0.14096500
353.60144540,-1.56056400,0.13910340
353.70144539,-1.56514200,0.13977480
353.80144539,-1.57002500,0.13873710
353.90144538,-1.57445000,0.13846250
354.00144537,-1.58055400,0.13800470
354.10144537,-1.58558900,0.13751640
354.20144536,-1.59077700,0.13702810
354.30144536,-1.59596600,0.13690600
354.40144535,-1.60161100,0.13589890
354.50144534,-1.60557900,0.13568530
354.60144534,-1.61214000,0.13534960
354.70144533,-1.61626000,0.13467820
354.80144533,-1.62175400,0.13422040
354.90144532,-1.62770500,0.13367110
355.00144531,-1.63197700,0.13330480
355.10144531,-1.63670800,0.13321330
355.20144530,-1.64174300,0.13257240
355.30144530,-1.64708400,0.13177890
355.40144529,-1.65242500,0.13122960
355.50144528,-1.65685000,0.13089390
355.60144528,-1.66219100,0.13064970
355.70144527,-1.66814200,0.12988680
355.80144527,-1.67241400,0.12933740
355.90144526,-1.67775500,0.12878810
356.00144525,-1.68111200,0.12875760
356.10144525,-1.68691100,0.12799460
356.20144524,-1.69301400,0.12778100
356.30144524,-1.69698200,0.12717060
356.40144523,-1.70217000,0.12656030
356.50144522,-1.70690000,0.12616350
356.60144522,-1.71132500,0.12689600
356.70144521,-1.71712400,0.12460710
356.80144521,-1.72139700,0.12543110
356.90144520,-1.72551700,0.12439340
357.00144520,-1.73101000,0.12335580
357.10144519,-1.73513000,0.12341690
357.20144518,-1.74001300,0.12292860
357.30144518,-1.74550600,0.12228770
357.40144517,-1.74947400,0.12173830
357.50144517,-1.75466200,0.12103640
357.60144516,-1.75923900,0.12048710
357.70144515,-1.76534300,0.11819820
357.80144515,-1.76961600,0.12036500
357.90144514,-1.77434600,0.11941890
358.00144514,-1.77755100,0.11911370
358.10144513,-1.78289100,0.11825920
358.20144512,-1.78548500,0.11789300
358.30144512,-1.79158900,0.11740470
358.40144511,-1.79677700,0.11670280
358.50144511,-1.80120200,0.11618400
358.60144510,-1.80684800,0.11575670
358.70144509,-1.81081600,0.11526840
358.80144509,-1.81585100,0.11450540
358.90144508,-1.81966600,0.11450540
359.00144508,-1.82424400,0.11368150
359.10144507,-1.82927900,0.11310160
359.20144506,-1.83339900,0.11270490
359.30144506,-1.83813000,0.11221660
359.40144505,-1.84316500,0.11185030
359.50144505,-1.84698000,0.11139260
359.60144504,-1.85171100,0.11059910
359.70144503,-1.85567800,0.11011080
359.80144503,-1.85995100,0.11011080
359.90144502,-1.86513900,0.10919520
360.00144502,-1.86925900,0.10867640
360.10144501,-1.87307300,0.10763880
360.20144501,-1.87810900,0.10742520
360.30144500,-1.88131400,0.10727260
360.40144499,-1.88726500,0.10611290
360.50144499,-1.89062200,0.10611290
360.60144498,-1.89458900,0.10547200
360.70144498,-1.89947200,0.10486160
360.80144497,-1.90343900,0.10428170
360.90144496,-1.90786500,0.10373240
361.00144496,-1.91213700,0.10324410
361.10144495,-1.91625700,0.10269480
361.20144495,-1.91961400,0.10214540
361.30144494,-1.92419200,0.10184030
361.40144493,-1.92877000,0.10116890
361.50144493,-1.93258500,0.10083320
361.60144492,-1.93716200,0.09997864
361.70144492,-1.94113000,0.09952086
361.80144491,-1.94570800,0.09924619
361.90144490,-1.94952200,0.09839167
362.00144490,-1.95318500,0.09790338
362.10144489,-1.95654200,0.09738456
362.20144489,-1.96081400,0.09680471
362.30144488,-1.96478200,0.09689627
362.40144487,-1.96905400,0.09576708
362.50144487,-1.97393700,0.09555345
362.60144486,-1.97714200,0.09482101
362.70144486,-1.98110900,0.09439375
362.80144485,-1.98522900,0.09372234
362.90144484,-1.98889100,0.09317301
363.00144484,-1.99270600,0.09225745
363.10144483,-1.99728400,0.09207434
363.20144483,-2.00109900,0.09170812
363.30144482,-2.00399800,0.09115878
363.40144482,-2.00827100,0.09042634
363.50144481,-2.01239100,0.08993804
363.60144480,-2.01696800,0.08908353
363.70144480,-2.01925700,0.08914457
363.80144479,-2.02383500,0.08829005
363.90144479,-2.02810800,0.08740501
364.00144478,-2.03177000,0.08706931
364.10144477,-2.03634800,0.08688620
364.20144477,-2.03939900,0.08600116
364.30144476,-2.04275600,0.08560442
364.40144476,-2.04565600,0.08490250
364.50144475,-2.05023300,0.08404797
364.60144474,-2.05389600,0.08438368
364.70144474,-2.05755800,0.08325449
364.80144473,-2.06183100,0.08273568
364.90144473,-2.06625600,0.08212531
365.00144472,-2.06930800,0.08166753
365.10144471,-2.07190200,0.08102664
365.20144471,-2.07541100,0.08059938
365.30144470,-2.07892100,0.07974487
365.40144470,-2.08288800,0.07928709
365.50144469,-2.08609300,0.07879879
365.60144468,-2.09112800,0.07827998
365.70144468,-2.09402800,0.07757805
365.80144467,-2.09677400,0.07718131
365.90144467,-2.10028400,0.07644887
366.00144466,-2.10318300,0.07593005
366.10144465,-2.10654000,0.07531968
366.20144465,-2.10989700,0.07458724
366.30144464,-2.11462800,0.07422101
366.40144464,-2.11752700,0.07348857
366.50144463,-2.12042600,0.07318339
366.60144463,-2.12408800,0.07266457
366.70144462,-2.12836100,0.07184057
366.80144461,-2.13126000,0.07177953
366.90144461,-2.13446500,0.07123020
367.00144460,-2.13705900,0.07058931
367.10144460,-2.14056800,0.06958220
367.20144459,-2.14423000,0.06927702
367.30144458,-2.14758800,0.06842250
367.40144458,-2.15048700,0.06744590
367.50144457,-2.15231800,0.06967375
367.60144457,-2.15643800,0.06649983
367.70144456,-2.15949000,0.06680502
367.80144455,-2.16330500,0.06585895
367.90144455,-2.16620400,0.06503494
368.00144454,-2.16925600,0.06460769
368.10144454,-2.17185000,0.06393628
368.20144453,-2.17612200,0.06326487
368.30144452,-2.17825900,0.06271554
368.40144452,-2.18131000,0.06231879
368.50144451,-2.18451500,0.06302072
368.60144451,-2.18802500,0.06112858
368.70144450,-2.19000800,0.06030457
368.80144449,-2.19306000,0.06030457
368.90144449,-2.19519600,0.05929746
369.00144448,-2.20023200,0.05844295
369.10144448,-2.20160500,0.05822932
369.20144447,-2.20450400,0.05789361
369.30144447,-2.20770900,0.05697806
369.40144446,-2.20969300,0.05645924
369.50144445,-2.21350700,0.05563524
369.60144445,-2.21579600,0.05536058
369.70144444,-2.21762800,0.05459761
369.80144444,-2.22113700,0.05426191
369.90144443,-2.22403600,0.05301065
370.00144442,-2.22708800,0.05368206
370.10144442,-2.23029300,0.05178991
370.20144441,-2.23197100,0.05224769
370.30144441,-2.23487000,0.05090487
370.40144440,-2.23761700,0.05029450
370.50144439,-2.24082200,0.05020295
370.60144439,-2.24219500,0.04962309
370.70144438,-2.24555200,0.04882962
370.80144438,-2.24814600,0.04818873
370.90144437,-2.25119800,0.04724265
371.00144436,-2.25226600,0.04751732
371.10144436,-2.25547100,0.04635762
371.20144435,-2.25867500,0.04580828
371.30144435,-2.26020100,0.04556413
371.40144434,-2.26340500,0.04461806
371.50144433,-2.26569400,0.04437391
371.60144433,-2.26859300,0.04327524
371.70144432,-2.27103500,0.04321421
371.80144432,-2.27408700,0.04208503
371.90144431,-2.27607000,0.04196295
372.00144430,-2.27851200,0.04113895
372.10144430,-2.28080100,0.04065065
372.20144429,-2.28415800,0.03939940
372.30144429,-2.28415800,0.03964354
372.40144428,-2.28736200,0.03900266
372.50144428,-2.29041400,0.03842280
372.60144427,-2.29178700,0.03765984
372.70144426,-2.29514500,0.03683584
372.80144426,-2.29651800,0.03628651
372.90144425,-2.29865400,0.03592028
373.00144425,-2.30124800,0.03509629
373.10144424,-2.30445300,0.03476058
373.20144423,-2.30567300,0.03415021
373.30144423,-2.30842000,0.03332621
373.40144422,-2.30979300,0.03289896
373.50144422,-2.31147200,0.03213599
373.60144421,-2.31498100,0.03164769
373.70144420,-2.31605000,0.03134251
373.80144420,-2.31803300,0.03021332
373.90144419,-2.32032200,0.02981658
374.00144419,-2.32215300,0.02941984
374.10144418,-2.32383200,0.02859584
374.20144417,-2.32581600,0.02819910
374.30144417,-2.32779900,0.02743614
374.40144416,-2.33085100,0.02679525
374.50144416,-2.33191900,0.02639851
374.60144415,-2.33436100,0.02566607
374.70144414,-2.33527600,0.02490310
374.80144414,-2.33787000,0.02468947
374.90144413,-2.34000700,0.02398755
375.00144413,-2.34092200,0.02313303
375.10144412,-2.34290600,0.02279733
375.20144411,-2.34504200,0.02218696
375.30144411,-2.34595800,0.02142399
375.40144410,-2.34809400,0.02154607
375.50144410,-2.35053600,0.02002014
375.60144409,-2.35206200,0.01950133
375.70144409,-2.35328200,0.01950133
375.80144408,-2.35572400,0.01825007
375.90144407,-2.35694500,0.01812799
376.00144407,-2.35862300,0.01712088
376.10144406,-2.35969100,0.01657155
376.20144406,-2.36182700,0.01614429
376.30144405,-2.36304800,0.01550340
376.40144404,-2.36487900,0.01455733
376.50144404,-2.36701600,0.01428266
376.60144403,-2.36732100,0.01373333
376.70144403,-2.36884700,0.01315348
376.80144402,-2.37128800,0.01260414
376.90144401,-2.37235600,0.01211585
377.00144401,-2.37311900,0.01126133
377.10144400,-2.37434000,0.01074252
377.20144400,-2.37678100,0.00991852
377.30144399,-2.37800200,0.00921659
377.40144398,-2.37937600,0.00845363
377.50144398,-2.38029100,0.00836207
377.60144397,-2.38166500,0.00759911
377.70144397,-2.38303800,0.00698874
377.80144396,-2.38441100,0.00616474
377.90144395,-2.38517400,0.00604267
378.00144395,-2.38731100,0.00518815
378.10144394,-2.38853100,0.00451674
378.20144394,-2.38990400,0.00399793
378.30144393,-2.39005700,0.00256356
378.40144392,-2.39082000,0.00372326
378.50144392,-2.39188800,0.00274667
378.60144391,-2.39509300,0.00103763
378.70144391,-2.39494000,0.00054933
378.80144390,-2.39631300,0.00054933
378.90144390,-2.39738200,-0.00027467
379.00144389,-2.39829700,-0.00082400
379.10144388,-2.39890700,-0.00146489
379.20144388,-2.40089100,-0.00201422
379.30144387,-2.40226400,-0.00244148
379.40144387,-2.40134900,-0.00173956
379.50144386,-2.40257000,-0.00286874
379.60144385,-2.40485900,-0.00491348
379.70144385,-2.40562200,-0.00503555
379.80144384,-2.40577400,-0.00585955
379.90144384,-2.40760500,-0.00619526
380.00144383,-2.40791000,-0.00704978
380.10144382,-2.40882600,-0.00775170
380.20144382,-2.40958900,-0.00766015
380.30144381,-2.41142000,-0.00872829
380.40144381,-2.41142000,-0.00949126
380.50144380,-2.41233600,-0.00982696
380.60144379,-2.41325100,-0.01043733
380.70144379,-2.41325100,-0.01104770
380.80144378,-2.41447200,-0.01132237
380.90144378,-2.41462400,-0.01223792
381.00144377,-2.41523500,-0.01303140
381.10144376,-2.41676100,-0.01379437
381.20144376,-2.41691300,-0.01403851
381.30144375,-2.41752400,-0.01413007
381.40144375,-2.41828700,-0.01544237
381.50144374,-2.41889700,-0.01568651
381.60144373,-2.42057600,-0.01724296
381.70144373,-2.41966000,-0.01687673
381.80144372,-2.42088100,-0.01739555
381.90144372,-2.42179600,-0.01825007
382.00144371,-2.42194900,-0.01910459
382.10144371,-2.42210100,-0.01937925
382.20144370,-2.42271200,-0.02002014
382.30144369,-2.42240700,-0.02084414
382.40144369,-2.42393300,-0.02151555
382.50144368,-2.42408500,-0.02197333
382.60144368,-2.42408500,-0.02264473
382.70144367,-2.42515300,-0.02307199
382.80144366,-2.42484800,-0.02352977
382.90144366,-2.42606900,-0.02459792
383.00144365,-2.42606900,-0.02511673
383.10144365,-2.42545800,-0.02520829
383.20144364,-2.42606900,-0.02587970
383.30144363,-2.42652700,-0.02639851
383.40144363,-2.42774700,-0.02749718
383.50144362,-2.42729000,-0.02780236
383.60144362,-2.42774700,-0.02874844
383.70144361,-2.42713700,-0.02932829
383.80144360,-2.42744200,-0.02981658
383.90144360,-2.42774700,-0.03070162
384.00144359,-2.42835800,-0.03082369
384.10144359,-2.42790000,-0.03167821
384.20144358,-2.42759500,-0.03195288
384.30144357,-2.42774700,-0.03280740
384.40144357,-2.42896800,-0.03411970
384.50144356,-2.42713700,-0.03372295
384.60144356,-2.42698500,-0.03469954
384.70144355,-2.42790000,-0.03503525
384.80144354,-2.42759500,-0.03595080
384.90144354,-2.42790000,-0.03677480
385.00144353,-2.42744200,-0.03686636
385.10144353,-2.42744200,-0.03741569
385.20144352,-2.42667900,-0.03836177
385.30144352,-2.42576400,-0.03869747
385.40144351,-2.42606900,-0.03967406
385.50144350,-2.42667900,-0.03988769
385.60144350,-2.42652700,-0.04049806
385.70144349,-2.42591600,-0.04116947
385.80144349,-2.42500100,-0.04171880
385.90144348,-2.42469500,-0.04214606
386.00144347,-2.42393300,-0.04284799
386.10144347,-2.42378000,-0.04330577
386.20144346,-2.42576400,-0.04428236
386.30144346,-2.42439000,-0.04470962
386.40144345,-2.42378000,-0.04538102
386.50144344,-2.42317000,-0.04571673
386.60144344,-2.42332200,-0.04669332
386.70144343,-2.42255900,-0.04712058
386.80144343,-2.42225400,-0.04779199
386.90144342,-2.42149100,-0.04812769
387.00144341,-2.42255900,-0.04901273
387.10144341,-2.42057600,-0.04910428
387.20144340,-2.42072800,-0.05032502
387.30144340,-2.41996500,-0.05050813
387.40144339,-2.41889700,-0.05099643
387.50144338,-2.41782900,-0.05194250
387.60144338,-2.41737100,-0.05233924
387.70144337,-2.41798100,-0.05276650
387.80144337,-2.41798100,-0.05346843
387.90144336,-2.41584500,-0.05420087
388.00144335,-2.41584500,-0.05468917
388.10144335,-2.41462400,-0.05542161
388.20144334,-2.41340400,-0.05575732
388.30144334,-2.41355600,-0.05633717
388.40144333,-2.41325100,-0.05716117
388.50144333,-2.41203000,-0.05771050
388.60144332,-2.41035200,-0.05813776
388.70144331,-2.41019900,-0.05883969
388.80144331,-2.40958900,-0.05911435
388.90144330,-2.40821600,-0.05984680
389.00144330,-2.40806300,-0.06051821
389.10144329,-2.40684200,-0.06094546
389.20144328,-2.40531600,-0.06161687
389.30144328,-2.40577400,-0.06308176
389.40144327,-2.40455300,-0.06335643
389.50144327,-2.40348500,-0.06326487
389.60144326,-2.40379000,-0.06360057
389.70144325,-2.40119600,-0.06488235
389.80144325,-2.40089100,-0.06509598
389.90144324,-2.40028100,-0.06564531
390.00144324,-2.39829700,-0.06646931
390.10144323,-2.39738200,-0.06717124
390.20144322,-2.39570300,-0.06759850
390.30144322,-2.39616100,-0.07052828
390.40144321,-2.39463500,-0.06820887
390.50144321,-2.39234600,-0.06933805
390.60144320,-2.39219300,-0.06961272
390.70144319,-2.39036200,-0.07025361
390.80144319,-2.38837900,-0.07107761
390.90144318,-2.38776800,-0.07156590
391.00144318,-2.38670000,-0.07193213
391.10144317,-2.38654700,-0.07275613
391.20144316,-2.38395300,-0.07309183
391.30144316,-2.38319000,-0.07358012
391.40144315,-2.38212200,-0.07425153
391.50144315,-2.38029100,-0.07458724
391.60144314,-2.37830700,-0.07531968
391.70144314,-2.37754400,-0.07605213
391.80144313,-2.37678100,-0.07672353
391.90144312,-2.37540800,-0.07715079
392.00144312,-2.37418700,-0.07776116
392.10144311,-2.37281400,-0.07821894
392.20144311,-2.37098300,-0.07879879
392.30144310,-2.36854100,-0.07931761
392.40144309,-2.36854100,-0.08005005
392.50144309,-2.36564200,-0.08078250
392.60144308,-2.36381100,-0.08120976
392.70144308,-2.36213300,-0.08178961
392.80144307,-2.36137000,-0.08209479
392.90144306,-2.35969100,-0.08276620
393.00144306,-2.35816500,-0.08365124
393.10144305,-2.35679200,-0.08395642
393.20144305,-2.35435000,-0.08444472
393.30144304,-2.35358700,-0.08505508
393.40144303,-2.35129900,-0.08557390
393.50144303,-2.35007800,-0.08587909
393.60144302,-2.34733100,-0.08670308
393.70144302,-2.34595800,-0.08713035
393.80144301,-2.34351600,-0.08774071
393.90144300,-2.34229600,-0.08825953
394.00144300,-2.34000700,-0.08896145
394.10144299,-2.33954900,-0.08951079
394.20144299,-2.33619200,-0.09018219
394.30144298,-2.33451300,-0.09073153
394.40144297,-2.33253000,-0.09094515
394.50144297,-2.33085100,-0.09161656
394.60144296,-2.32978300,-0.09210486
394.70144296,-2.32795200,-0.09289834
394.80144295,-2.32535800,-0.09323405
394.90144295,-2.32306900,-0.09378338
395.00144294,-2.32245900,-0.09418012
395.10144293,-2.31955900,-0.09524827
395.20144293,-2.31681300,-0.09537034
395.30144292,-2.31528700,-0.09604175
395.40144292,-2.31299800,-0.09643849
395.50144291,-2.31101400,-0.09686575
395.60144290,-2.30857300,-0.09765923
395.70144290,-2.30674100,-0.09799493
395.80144289,-2.30460500,-0.09860530
395.90144289,-2.30292700,-0.09952086
396.00144288,-2.30033300,-0.09973449
396.10144287,-2.29773900,-0.10025330
396.20144287,-2.29682300,-0.10083320
396.30144286,-2.29377100,-0.10129090
396.40144286,-2.29163500,-0.10190130
396.50144285,-2.28949900,-0.10260320
396.60144284,-2.28736200,-0.10281690
396.70144284,-2.28476800,-0.10336620
396.80144283,-2.28202200,-0.10397660
396.90144283,-2.28064800,-0.10440380
397.00144282,-2.27744400,-0.10507520
397.10144281,-2.27485000,-0.10525830
397.20144281,-2.27240800,-0.10614340
397.30144280,-2.26981400,-0.10638750
397.40144280,-2.26828800,-0.10739460
397.50144279,-2.26523600,-0.10760830
397.60144278,-2.26249000,-0.10849330
397.70144278,-2.26004800,-0.10892060
397.80144277,-2.25791200,-0.10928680
397.90144277,-2.25516500,-0.10989720
398.00144276,-2.25348700,-0.11038540
398.10144276,-2.24997700,-0.11078220
398.20144275,-2.24753600,-0.11154520
398.30144274,-2.24463600,-0.11197240
398.40144274,-2.24341600,-0.11246070
398.50144273,-2.24021100,-0.11276590
398.60144273,-2.23700700,-0.11349830
398.70144272,-2.23456500,-0.11392560
398.80144271,-2.23242900,-0.11459700
398.90144271,-2.23014000,-0.11462750
399.00144270,-2.22632500,-0.11581770
399.10144270,-2.22342600,-0.11606190
399.20144269,-2.22067900,-0.11633660
399.30144268,-2.21839000,-0.11713000
399.40144268,-2.21686500,-0.11752680
399.50144267,-2.21228700,-0.11792350
399.60144267,-2.21045600,-0.11847290
399.70144266,-2.20740400,-0.11893060
399.80144265,-2.20374200,-0.11951050
399.90144265,-2.20130000,-0.12015140
400.00144264,-2.19855300,-0.12134160
400.10144264,-2.19473900,-0.12103640
400.20144263,-2.19199200,-0.12057860
400.30144262,-2.18970300,-0.12271490
400.40144262,-2.18649900,-0.12253180
400.50144261,-2.18390500,-0.12295910
400.60144261,-2.18039500,-0.12332530
400.70144260,-2.17703800,-0.12390520
400.80144259,-2.17490100,-0.12448500
400.90144259,-2.17185000,-0.12515640
401.00144258,-2.16788200,-0.12546160
401.10144258,-2.16467800,-0.12570570
401.20144257,-2.16223600,-0.12515640
401.30144257,-2.15887900,-0.12750630
401.40144256,-2.15491200,-0.12778100
401.50144255,-2.15338600,-0.12781150
401.60144255,-2.14957100,-0.12829980
401.70144254,-2.14575600,-0.12903230
401.80144254,-2.14301000,-0.12912380
401.90144253,-2.13919500,-0.13031400
402.00144252,-2.13599000,-0.13028350
402.10144252,-2.13339600,-0.13061920
402.20144251,-2.13065000,-0.13168740
402.30144251,-2.12637700,-0.13165690
402.40144250,-2.12317300,-0.13251140
402.50144249,-2.11920500,-0.13269450
402.60144249,-2.11645900,-0.13324380
402.70144248,-2.11294900,-0.13351850
402.80144248,-2.11096500,-0.13452560
402.90144247,-2.10608200,-0.13458660
403.00144246,-2.10211500,-0.13513600
403.10144246,-2.09967400,-0.13553270
403.20144245,-2.09662200,-0.13592940
403.30144245,-2.09372200,-0.13596000
403.40144244,-2.08899200,-0.13718070
403.50144243,-2.08609300,-0.13730280
403.60144243,-2.08227800,-0.13840140
403.70144242,-2.07892100,-0.13821830
403.80144242,-2.07556400,-0.13888970
403.90144241,-2.07098600,-0.13934750
404.00144240,-2.06717100,-0.14004940
404.10144240,-2.06396700,-0.14035460
404.20144239,-2.06045700,-0.14065980
404.30144239,-2.05725300,-0.14099550
404.40144238,-2.05420100,-0.14188060
404.50144238,-2.05023300,-0.14239940
404.60144237,-2.04535100,-0.14227730
404.70144236,-2.04184100,-0.14304030
404.80144236,-2.03772100,-0.14337600
404.90144235,-2.03375300,-0.14386430
405.00144235,-2.03146500,-0.14459670
405.10144234,-2.02734400,-0.14474930
405.20144233,-2.02322500,-0.14502400
405.30144233,-2.02063100,-0.14560380
405.40144232,-2.01559500,-0.14624470
405.50144232,-2.01223800,-0.14664140
405.60144231,-2.00766000,-0.14716020
405.70144230,-2.00399800,-0.14758750
405.80144230,-1.99942000,-0.14798430
405.90144229,-1.99621600,-0.14862510
406.00144229,-1.99240100,-0.14847250
406.10144228,-1.98873900,-0.14902190
406.20144227,-1.98446600,-0.14969330
406.30144227,-1.98004100,-0.15018160
406.40144226,-1.97653100,-0.15027310
406.50144226,-1.97256400,-0.15097510
406.60144225,-1.96829100,-0.15146340
406.70144224,-1.96508700,-0.15176860
406.80144224,-1.96096700,-0.15225680
406.90144223,-1.95623600,-0.15268410
407.00144223,-1.95181100,-0.15271460
407.10144222,-1.94784400,-0.15332500
407.20144221,-1.94372400,-0.15381330
407.30144221,-1.94006200,-0.15424050
407.40144220,-1.93578900,-0.15488140
407.50144220,-1.93090600,-0.15500350
407.60144219,-1.92800700,-0.15558340
407.70144219,-1.92312400,-0.15591910
407.80144218,-1.91915600,-0.15631580
407.90144217,-1.91442600,-0.15674310
408.00144217,-1.91137400,-0.15723140
408.10144216,-1.90664400,-0.15759760
408.20144216,-1.90221900,-0.15823850
408.30144215,-1.89794600,-0.15848260
408.40144214,-1.89382600,-0.15906250
408.50144214,-1.89046900,-0.15936770
408.60144213,-1.88497600,-0.15970340
408.70144213,-1.88131400,-0.16037480
408.80144212,-1.87643100,-0.16031370
408.90144211,-1.87246300,-0.16107670
409.00144211,-1.86849600,-0.16116820
409.10144210,-1.86376500,-0.16171760
409.20144210,-1.85949300,-0.16199230
409.30144209,-1.85415200,-0.16281620
409.40144208,-1.85110000,-0.16266370
409.50144208,-1.84575900,-0.16370130
409.60144207,-1.84163900,-0.16406750
409.70144207,-1.83568800,-0.16422010
409.80144206,-1.83248400,-0.16428110
409.90144205,-1.82805900,-0.16486100
410.00144205,-1.82287100,-0.16534930
410.10144204,-1.81844500,-0.16583760
410.20144204,-1.81386800,-0.16586810
410.30144203,-1.80929000,-0.16657000
410.40144202,-1.80517000,-0.16684470
410.50144202,-1.80105000,-0.16736350
410.60144201,-1.79601400,-0.16748560
410.70144201,-1.79128400,-0.16776030
410.80144200,-1.78624800,-0.16885890
410.90144200,-1.78151800,-0.16663110
411.00144199,-1.77694000,-0.16974400
411.10144198,-1.77175200,-0.16824850
411.20144198,-1.76702200,-0.16980500
411.30144197,-1.76274900,-0.17053740
411.40144197,-1.75710300,-0.17047640
411.50144196,-1.75313600,-0.17096470
411.60144195,-1.74810000,-0.17136140
411.70144195,-1.74459100,-0.17175820
411.80144194,-1.74001300,-0.17209390
411.90144194,-1.73497700,-0.17093420
412.00144193,-1.73039900,-0.17242960
412.10144192,-1.72551700,-0.17346720
412.20144192,-1.71895500,-0.17300940
412.30144191,-1.71498800,-0.17395550
412.40144191,-1.71086800,-0.17450480
412.50144190,-1.70583200,-0.17462690
412.60144189,-1.70033900,-0.17508470
412.70144189,-1.69545600,-0.17511520
412.80144188,-1.69087800,-0.17542040
412.90144188,-1.68660500,-0.17600020
413.00144187,-1.68111200,-0.17633590
413.10144186,-1.67622900,-0.17651910
413.20144186,-1.67104100,-0.17685480
413.30144185,-1.66615800,-0.17706840
413.40144185,-1.66036000,-0.17773980
413.50144184,-1.65547700,-0.17798390
413.60144183,-1.65028800,-0.17822810
413.70144183,-1.64571100,-0.17859430
413.80144182,-1.64037000,-0.17896050
413.90144182,-1.63640200,-0.17917420
414.00144181,-1.63045100,-0.17941830
414.10144181,-1.62663700,-0.17975400
414.20144180,-1.61992300,-0.18018130
414.30144179,-1.61565000,-0.18079160
414.40144179,-1.60954600,-0.18106630
414.50144178,-1.60603700,-0.18152410
414.60144178,-1.60008500,-0.18140200
414.70144177,-1.59474500,-0.18182930
414.80144176,-1.58986200,-0.18268380
414.90144176,-1.58452100,-0.18228710
415.00144175,-1.58055400,-0.18332470
415.10144175,-1.57490800,-0.18344680
415.20144174,-1.56819400,-0.18326360
415.30144173,-1.56361600,-0.18378250
415.40144173,-1.55888500,-0.18430130
415.50144172,-1.55278200,-0.18451490
415.60144172,-1.54805100,-0.18463700
415.70144171,-1.54377900,-0.18506420
415.80144170,-1.53767500,-0.18506420
415.90144170,-1.53233400,-0.18555250
416.00144169,-1.52760400,-0.18607140
416.10144169,-1.52180600,-0.18646810
416.20144168,-1.51631200,-0.18662070
416.30144167,-1.51142900,-0.18692590
416.40144167,-1.50441000,-0.18738370
416.50144166,-1.50074800,-0.18802450
416.60144166,-1.49464400,-0.18774990
416.70144165,-1.48915100,-0.18817710
416.80144165,-1.48304700,-0.18820760
416.90144164,-1.47877400,-0.18878750
417.00144163,-1.47206000,-0.18918420
417.10144163,-1.46748300,-0.18912320
417.20144162,-1.46122600,-0.18945890
417.30144162,-1.45603800,-0.19000820
417.40144161,-1.45054500,-0.19016080
417.50144160,-1.44520400,-0.19080170
417.60144160,-1.44032100,-0.19074070
417.70144159,-1.43406500,-0.19092380
417.80144159,-1.42872400,-0.19125950
417.90144158,-1.42353600,-0.19141210
418.00144157,-1.41758500,-0.19205300
418.10144157,-1.41209100,-0.19202250
418.20144156,-1.40720800,-0.19238870
418.30144156,-1.40110500,-0.19263280
418.40144155,-1.39622200,-0.19275490
418.50144154,-1.39011800,-0.19306010
418.60144154,-1.38309900,-0.19333480
418.70144153,-1.37897900,-0.19357890
418.80144153,-1.37302800,-0.19421980
418.90144152,-1.36692400,-0.19403670
419.00144151,-1.36021000,-0.19437240
419.10144151,-1.35502200,-0.19479960
419.20144150,-1.34922300,-0.19483020
419.30144150,-1.34373000,-0.19513540
419.40144149,-1.33808400,-0.19541000
419.50144148,-1.33243800,-0.19583730
419.60144148,-1.32618200,-0.19559310
419.70144147,-1.32084100,-0.19653920
419.80144147,-1.31504300,-0.19653920
419.90144146,-1.30909100,-0.19666130
420.00144146,-1.30359800,-0.19684440
420.10144145,-1.29764700,-0.19696650
420.20144144,-1.29261100,-0.19763790
420.30144144,-1.28711800,-0.19769890
420.40144143,-1.28101400,-0.19797360
420.50144143,-1.27506300,-0.19769890
420.60144142,-1.26972300,-0.19864500
420.70144141,-1.26361900,-0.19864500
420.80144141,-1.25782000,-0.19882810
420.90144140,-1.25248000,-0.19882810
421.00144140,-1.24469700,-0.19898070
421.10144139,-1.24042500,-0.19934690
421.20144138,-1.23386300,-0.19946900
421.30144138,-1.22806500,-0.19995730
421.40144137,-1.22302900,-0.20004880
421.50144137,-1.21662000,-0.20065920
421.60144136,-1.21066900,-0.20047610
421.70144135,-1.20349700,-0.20084230
421.80144135,-1.19785200,-0.20123900
421.90144134,-1.19220600,-0.20062870
422.00144134,-1.18594900,-0.20224620
422.10144133,-1.18121900,-0.20187990
422.20144132,-1.17389500,-0.20130010
422.30144132,-1.16809600,-0.20206310
422.40144131,-1.16306000,-0.20239870
422.50144131,-1.15680400,-0.20261240
422.60144130,-1.15070000,-0.20245980
422.70144129,-1.14429200,-0.20282600
422.80144129,-1.13879800,-0.20300910
422.90144128,-1.13147400,-0.20194100
423.00144128,-1.12598000,-0.20401620
423.10144127,-1.11987700,-0.20346690
423.20144127,-1.11423100,-0.20340590
423.30144126,-1.10812700,-0.20392470
423.40144125,-1.10187100,-0.20419930
423.50144125,-1.09576700,-0.20438250
423.60144124,-1.08890000,-0.20456560
423.70144124,-1.08310200,-0.20459610
423.80144123,-1.07715100,-0.20517590
423.90144122,-1.07058900,-0.20508440
424.00144122,-1.06540100,-0.20584740
424.10144121,-1.05822900,-0.20548110
424.20144121,-1.05258300,-0.20548110
424.30144120,-1.04754800,-0.20578630
424.40144119,-1.04052900,-0.20618300
424.50144119,-1.03473000,-0.20636620
424.60144118,-1.02816900,-0.20664080
424.70144118,-1.02130200,-0.20627460
424.80144117,-1.01474000,-0.20697650
424.90144116,-1.00940000,-0.20682390
425.00144116,-1.00283800,-0.20709860
425.10144115,-0.99673450,-0.20740380
425.20144115,-0.99078340,-0.20700710
425.30144114,-0.98391680,-0.20758690
425.40144113,-0.97750780,-0.20749530
425.50144113,-0.97140410,-0.20770900
425.60144112,-0.96514790,-0.20783110
425.70144112,-0.95812860,-0.20816670
425.80144111,-0.95248270,-0.20841090
425.90144110,-0.94546340,-0.20819730
426.00144110,-0.94027530,-0.20865500
426.10144109,-0.93432410,-0.20850250
426.20144109,-0.92699970,-0.20865500
426.30144108,-0.92104860,-0.20877710
426.40144108,-0.91402940,-0.20899080
426.50144107,-0.90853600,-0.20926540
426.60144106,-0.90212710,-0.20926540
426.70144106,-0.89617600,-0.20966220
426.80144105,-0.88885160,-0.20932650
426.90144105,-0.88274790,-0.20966220
427.00144104,-0.87588120,-0.21002840
427.10144103,-0.86962490,-0.21021150
427.20144103,-0.86275830,-0.21002840
427.30144102,-0.85772270,-0.21036410
427.40144102,-0.85055080,-0.21030310
427.50144101,-0.84337900,-0.21036410
427.60144100,-0.83788570,-0.21076080
427.70144100,-0.83193460,-0.21063870
427.80144099,-0.82430490,-0.21069980
427.90144099,-0.81896420,-0.21127960
428.00144098,-0.81255530,-0.21134070
428.10144097,-0.80568860,-0.21146280
428.20144097,-0.79836420,-0.21118810
428.30144096,-0.79241310,-0.21158480
428.40144096,-0.78585160,-0.21170690
428.50144095,-0.77867980,-0.21167640
428.60144094,-0.77349160,-0.21179850
428.70144094,-0.76616720,-0.21155430
428.80144093,-0.76036860,-0.21189000
428.90144093,-0.75426500,-0.21189000
429.00144092,-0.74709310,-0.21225620
429.10144091,-0.74144720,-0.21222570
429.20144091,-0.73335980,-0.21210360
429.30144090,-0.72756120,-0.21207310
429.40144090,-0.72222050,-0.21262240
429.50144089,-0.71504870,-0.21262240
429.60144089,-0.70787680,-0.21246990
429.70144088,-0.70131530,-0.21280560
429.80144087,-0.69505910,-0.21262240
429.90144087,-0.68819240,-0.21295820
430.00144086,-0.68147830,-0.21317180
430.10144086,-0.67430650,-0.21298870
430.20144085,-0.66759240,-0.21304970
430.30144084,-0.66194650,-0.21314130
430.40144084,-0.65538500,-0.21341590
430.50144083,-0.64851830,-0.21320230
430.60144083,-0.64256720,-0.21332440
430.70144082,-0.63570050,-0.21375160
430.80144081,-0.62913910,-0.21408730
430.90144081,-0.62166200,-0.21390420
431.00144080,-0.61540570,-0.21326330
431.10144080,-0.60884430,-0.21402630
431.20144079,-0.60274060,-0.21375160
431.30144078,-0.59556870,-0.21387370
431.40144078,-0.58900730,-0.21402630
431.50144077,-0.58137760,-0.21362960
431.60144077,-0.57557910,-0.21433150
431.70144076,-0.56917020,-0.21423990
431.80144075,-0.56154060,-0.21433150
431.90144075,-0.55436870,-0.21411790
432.00144074,-0.54795990,-0.21417890
432.10144074,-0.54170350,-0.21457560
432.20144073,-0.53575240,-0.21445360
432.30144072,-0.52812280,-0.21439250
432.40144072,-0.52217170,-0.21423990
432.50144071,-0.51454200,-0.21423990
432.60144071,-0.50889620,-0.21420940
432.70144070,-0.50202950,-0.21512500
432.80144070,-0.49439980,-0.21515550
432.90144069,-0.48860130,-0.21463670
433.00144068,-0.48203990,-0.21439250
433.10144068,-0.47425760,-0.21466720
433.20144067,-0.46830650,-0.21485030
433.30144067,-0.46159250,-0.21463670
433.40144066,-0.45442060,-0.21466720
433.50144065,-0.44785910,-0.21457560
433.60144065,-0.44129770,-0.21463670
433.70144064,-0.43443100,-0.21604050
433.80144064,-0.42725910,-0.21350750
433.90144063,-0.42130800,-0.21536910
434.00144062,-0.41505170,-0.21503340
434.10144062,-0.40803250,-0.21469770
434.20144061,-0.40101320,-0.21509440
434.30144061,-0.39490950,-0.21488080
434.40144060,-0.38789020,-0.21488080
434.50144059,-0.38087100,-0.21469770
434.60144059,-0.37354650,-0.21466720
434.70144058,-0.36805320,-0.21485030
434.80144058,-0.36042360,-0.21460620
434.90144057,-0.35370950,-0.21466720
435.00144056,-0.34730060,-0.21488080
435.10144056,-0.34043400,-0.21466720
435.20144055,-0.33356730,-0.21481980
435.30144055,-0.32639550,-0.21475880
435.40144054,-0.31983400,-0.21475880
435.50144053,-0.31296730,-0.21469770
435.60144053,-0.30610060,-0.21485030
435.70144052,-0.29908140,-0.21475880
435.80144052,-0.29236730,-0.21442300
435.90144051,-0.28519550,-0.21460620
436.00144051,-0.27909180,-0.21485030
436.10144050,-0.27176730,-0.21466720
436.20144049,-0.26581620,-0.21466720
436.30144049,-0.25910210,-0.21448410
436.40144048,-0.25162510,-0.21442300
436.50144048,-0.24491100,-0.21436200
436.60144047,-0.23834960,-0.21445360
436.70144046,-0.23148290,-0.21430100
436.80144046,-0.22476880,-0.21436200
436.90144045,-0.21759700,-0.21430100
437.00144045,-0.20935700,-0.21423990
437.10144044,-0.20340590,-0.21417890
437.20144043,-0.19638660,-0.21414840
437.30144043,-0.18967250,-0.21402630
437.40144042,-0.18265330,-0.21378220
437.50144042,-0.17639700,-0.21414840
437.60144041,-0.16892000,-0.21396530
437.70144040,-0.16159550,-0.21393470
437.80144040,-0.15594960,-0.21375160
437.90144039,-0.14893030,-0.21417890
438.00144039,-0.14145330,-0.21353800
438.10144038,-0.13489180,-0.21353800
438.20144037,-0.12802510,-0.21347700
438.30144037,-0.12085330,-0.21372110
438.40144036,-0.11444440,-0.21359900
438.50144036,-0.10696740,-0.21347700
438.60144035,-0.10101630,-0.21350750
438.70144034,-0.09384441,-0.21326330
438.80144034,-0.08682516,-0.21329390
438.90144033,-0.07965331,-0.21301920
439.00144033,-0.07309183,-0.21301920
439.10144032,-0.06698813,-0.21280560
439.20144032,-0.06057924,-0.21301920
439.30144031,-0.05340739,-0.21304970
439.40144030,-0.04531999,-0.21280560
439.50144030,-0.03875851,-0.21283610
439.60144029,-0.03173925,-0.21250040
439.70144029,-0.02533036,-0.21250040
439.80144028,-0.01815851,-0.21246990
439.90144027,-0.01068148,-0.21234780
440.00144027,-0.00381481,-0.21250040
440.10144026,0.00305185,-0.21225620
440.20144026,0.00991852,-0.21182900
440.30144025,0.01632740,-0.21182900
440.40144024,0.02334666,-0.21192050
440.50144024,0.03006073,-0.21155430
440.60144023,0.03677480,-0.21185950
440.70144023,0.04348888,-0.21155430
440.80144022,0.05050813,-0.21167640
440.90144021,0.05706961,-0.21134070
441.00144021,0.06347850,-0.21140170
441.10144020,0.07110813,-0.21112700
441.20144020,0.07751702,-0.21094390
441.30144019,0.08407849,-0.21066930
441.40144018,0.09109775,-0.21073030
441.50144018,0.09720145,-0.21066930
441.60144017,0.10391550,-0.21082190
441.70144017,0.11246070,-0.21036410
441.80144016,0.11825920,-0.21030310
441.90144015,0.12466810,-0.21036410
442.00144015,0.13229770,-0.20996730
442.10144014,0.13992740,-0.20990630
442.20144014,0.14618370,-0.20957060
442.30144013,0.15259250,-0.20969270
442.40144013,0.15915400,-0.20944850
442.50144012,0.16602070,-0.20950960
442.60144011,0.17303990,-0.20932650
442.70144011,0.17960140,-0.20929590
442.80144010,0.18692590,-0.20880760
442.90144010,0.19302960,-0.20877710
443.00144009,0.20004880,-0.20883820
443.10144008,0.20783110,-0.20850250
443.20144008,0.21362960,-0.20853300
443.30144007,0.22049620,-0.20807520
443.40144007,0.22766810,-0.20825830
443.50144006,0.23468730,-0.20749530
443.60144005,0.24079100,-0.20868560
443.70144005,0.24796290,-0.20749530
443.80144004,0.25421920,-0.20773950
443.90144004,0.26230660,-0.20670190
444.00144003,0.26902060,-0.20703760
444.10144002,0.27542950,-0.20725120
444.20144002,0.28122810,-0.20703760
444.30144001,0.28794210,-0.20624410
444.40144001,0.29404580,-0.20630510
444.50144000,0.30243840,-0.20664080
444.60143999,0.31052580,-0.20563370
444.70143999,0.31739250,-0.20465710
444.80143998,0.32288580,-0.20648820
444.90143998,0.32837920,-0.20587790
445.00143997,0.33600880,-0.20538960
445.10143996,0.34257030,-0.20548110
445.20143996,0.35096280,-0.20542010
445.30143995,0.35691400,-0.20487080
445.40143995,0.36286510,-0.20447400
445.50143994,0.36988430,-0.20493180
445.60143994,0.37690360,-0.20450450
445.70143993,0.38453320,-0.20422990
445.80143992,0.39033170,-0.20416880
445.90143992,0.39643540,-0.20395520
446.00143991,0.40437020,-0.20377210
446.10143991,0.41077910,-0.20361950
446.20143990,0.41734060,-0.20334480
446.30143989,0.42435990,-0.20316170
446.40143989,0.43153170,-0.20328380
446.50143988,0.43870360,-0.20261240
446.60143988,0.44480730,-0.20249030
446.70143987,0.45091100,-0.20230720
446.80143986,0.45915100,-0.20209360
446.90143986,0.46571250,-0.20178840
447.00143985,0.47090060,-0.20181890
447.10143985,0.47883540,-0.20130010
447.20143984,0.48631240,-0.20111700
447.30143983,0.49302650,-0.20072020
447.40143983,0.49897760,-0.20117800
447.50143982,0.50523390,-0.20050660
447.60143982,0.51194800,-0.20062870
447.70143981,0.51820430,-0.20017090
447.80143980,0.52568130,-0.19980470
447.90143980,0.53285320,-0.19956050
448.00143979,0.53941460,-0.19925530
448.10143979,0.54521320,-0.19962160
448.20143978,0.55284280,-0.19898070
448.30143977,0.55879390,-0.19864500
448.40143977,0.56566060,-0.19898070
448.50143976,0.57329020,-0.19827880
448.60143976,0.57924130,-0.19840080
448.70143975,0.58519240,-0.19763790
448.80143975,0.59160130,-0.19788200
448.90143974,0.59785760,-0.19772940
449.00143973,0.60701320,-0.19672230
449.10143973,0.61174350,-0.19721060
449.20143972,0.61891540,-0.19660020
449.30143972,0.62562940,-0.19605090
449.40143971,0.63020720,-0.19693590
449.50143970,0.63798950,-0.19562370
449.60143970,0.64470350,-0.19602040
449.70143969,0.65172280,-0.19504380
449.80143969,0.65752130,-0.19528790
449.90143968,0.66438790,-0.19495220
450.00143967,0.67049160,-0.19470810
450.10143967,0.67888430,-0.19421980
450.20143966,0.68407240,-0.19446390
450.30143966,0.69139680,-0.19397560
450.40143965,0.69811090,-0.19376200
450.50143964,0.70497760,-0.19309060
450.60143964,0.71153900,-0.19318220
450.70143963,0.71779540,-0.19309060
450.80143963,0.72450940,-0.19238870
450.90143962,0.73183390,-0.19238870
451.00143961,0.73747980,-0.19211400
451.10143961,0.74465160,-0.19183940
451.20143960,0.75075530,-0.19165620
451.30143960,0.75640120,-0.19132050
451.40143959,0.76342050,-0.19113740
451.50143958,0.77028720,-0.19080170
451.60143958,0.77578050,-0.19080170
451.70143957,0.78295240,-0.19003880
451.80143957,0.78875090,-0.18994720
451.90143956,0.79622790,-0.18970300
452.00143956,0.80263680,-0.18906220
452.10143955,0.80858790,-0.18912320
452.20143954,0.81484420,-0.18872650
452.30143954,0.82171090,-0.18820760
452.40143953,0.82857750,-0.18842130
452.50143953,0.83391830,-0.18787190
452.60143952,0.84047970,-0.18765830
452.70143951,0.84749900,-0.18741420
452.80143951,0.85360270,-0.18692590
452.90143950,0.86062200,-0.18652910
453.00143950,0.86657310,-0.18671220
453.10143949,0.87267680,-0.18601030
453.20143948,0.87862790,-0.18558310
453.30143948,0.88549450,-0.18561360
453.40143947,0.89205600,-0.18543050
453.50143947,0.89877010,-0.18497270
453.60143946,0.90441600,-0.18472850
453.70143945,0.91128270,-0.18402660
453.80143945,0.91677600,-0.18399610
453.90143944,0.92349010,-0.18375190
454.00143944,0.93005160,-0.18350780
454.10143943,0.93661310,-0.18305000
454.20143942,0.94286940,-0.18259220
454.30143942,0.94912560,-0.18240910
454.40143941,0.95477160,-0.18234810
454.50143941,0.96316420,-0.18192080
454.60143940,0.96819970,-0.18045600
454.70143939,0.97430340,-0.18170720
454.80143939,0.98071230,-0.18076110
454.90143938,0.98696860,-0.17999820
455.00143938,0.99276710,-0.18036440
455.10143937,0.99902340,-0.17978450
455.20143937,1.00573700,-0.17954040
455.30143936,1.01153600,-0.17902160
455.40143935,1.01886000,-0.17850280
455.50143935,1.02588000,-0.17636650
455.60143934,1.03030500,-0.17706840
455.70143934,1.03595100,-0.17822810
455.80143933,1.04297000,-0.17688530
455.90143932,1.04998900,-0.17728200
456.00143932,1.05533000,-0.17673270
456.10143931,1.06051800,-0.17633590
456.20143931,1.06769000,-0.17615280
456.30143930,1.07272600,-0.17560350
456.40143929,1.07913400,-0.17514570
456.50143929,1.08432300,-0.17514570
456.60143928,1.09103700,-0.17465740
456.70143928,1.09790300,-0.17441330
456.80143927,1.10339700,-0.17368080
456.90143926,1.10904300,-0.17352820
457.00143926,1.11636700,-0.17331460
457.10143925,1.12231800,-0.17285680
457.20143925,1.12842200,-0.17264320
457.30143924,1.13452600,-0.17209390
457.40143923,1.14124000,-0.17212440
457.50143923,1.14688600,-0.17130040
457.60143922,1.15222600,-0.17084260
457.70143922,1.15894000,-0.17059850
457.80143921,1.16382300,-0.17032380
457.90143920,1.17114800,-0.16983550
458.00143920,1.17618300,-0.16962190
458.10143919,1.18411800,-0.16904200
458.20143919,1.18900100,-0.16907250
458.30143918,1.19342600,-0.16885890
458.40143918,1.20075100,-0.16803490
458.50143917,1.20548100,-0.16766870
458.60143916,1.21234800,-0.16788230
458.70143916,1.21829900,-0.16699730
458.80143915,1.22364000,-0.16641740
458.90143915,1.22943800,-0.16617330
459.00143914,1.23630500,-0.16559340
459.10143913,1.24210300,-0.16547140
459.20143913,1.24851200,-0.16510510
459.30143912,1.25339500,-0.16425060
459.40143912,1.25873600,-0.16415910
459.50143911,1.26514500,-0.16373180
459.60143910,1.27109600,-0.16373180
459.70143910,1.27658900,-0.16315190
459.80143909,1.28345600,-0.16263310
459.90143909,1.28940700,-0.16245000
460.00143908,1.29490000,-0.16183960
460.10143907,1.29947800,-0.16147340
460.20143907,1.30649700,-0.16092410
460.30143906,1.31244900,-0.16077150
460.40143906,1.31794200,-0.16022220
460.50143905,1.32297700,-0.15985590
460.60143904,1.32908100,-0.15955080
460.70143904,1.33503200,-0.15900140
460.80143903,1.34128800,-0.15897090
460.90143903,1.34586600,-0.15817740
461.00143902,1.35181700,-0.15799430
461.10143902,1.35746300,-0.15735340
461.20143901,1.36402500,-0.15668200
461.30143900,1.36936600,-0.15652940
461.40143900,1.37485900,-0.15619370
461.50143899,1.38096300,-0.15591910
461.60143899,1.38508300,-0.15536970
461.70143898,1.39240700,-0.15469830
461.80143897,1.39851100,-0.15417950
461.90143897,1.40324100,-0.15402690
462.00143896,1.40781900,-0.15366070
462.10143896,1.41422800,-0.15320290
462.20143895,1.41926300,-0.15271460
462.30143894,1.42521400,-0.15250100
462.40143894,1.43055500,-0.15192110
462.50143893,1.43574300,-0.15134130
462.60143893,1.44169400,-0.15128030
462.70143892,1.44642500,-0.15051730
462.80143891,1.45374900,-0.15030370
462.90143891,1.45863200,-0.14960170
463.00143890,1.46336300,-0.14923550
463.10143890,1.46931400,-0.14896080
463.20143889,1.47419700,-0.14841150
463.30143888,1.47953700,-0.14795370
463.40143888,1.48472500,-0.14761800
463.50143887,1.49082900,-0.14697710
463.60143887,1.49464400,-0.14688560
463.70143886,1.50212100,-0.14639730
463.80143885,1.50685100,-0.14569540
463.90143885,1.51295500,-0.14539020
464.00143884,1.51768600,-0.14505450
464.10143884,1.52256800,-0.14444410
464.20143883,1.52821400,-0.14404740
464.30143883,1.53325000,-0.14368110
464.40143882,1.53874300,-0.14285710
464.50143881,1.54469400,-0.14264350
464.60143881,1.54957700,-0.14215520
464.70143880,1.55446000,-0.14178900
464.80143880,1.55949600,-0.14105660
464.90143879,1.56560000,-0.14053770
465.00143878,1.57124500,-0.14029360
465.10143878,1.57551800,-0.13992740
465.20143877,1.58146900,-0.13968320
465.30143877,1.58681000,-0.13934750
465.40143876,1.59260800,-0.13733330
465.50143875,1.59657600,-0.13782160
465.60143875,1.60252700,-0.13727230
465.70143874,1.60756300,-0.13727230
465.80143874,1.61214000,-0.13653980
465.90143873,1.61732800,-0.13589890
466.00143872,1.62221100,-0.13571580
466.10143872,1.62602600,-0.13538010
466.20143871,1.63152000,-0.13470870
466.30143871,1.63655500,-0.13425090
466.40143870,1.64281100,-0.13245030
466.50143869,1.64662600,-0.13376260
466.60143869,1.65242500,-0.13315230
466.70143868,1.65669700,-0.13229770
466.80143868,1.66234300,-0.13180940
466.90143867,1.66707400,-0.13177890
467.00143866,1.67317700,-0.13092440
467.10143866,1.67806000,-0.13037510
467.20143865,1.68279100,-0.12970370
467.30143865,1.68675800,-0.12936800
467.40143864,1.69240400,-0.12936800
467.50143864,1.69667600,-0.12857450
467.60143863,1.70171200,-0.12790310
467.70143862,1.70720500,-0.12772000
467.80143862,1.71147800,-0.12710960
467.90143861,1.71666600,-0.12643820
468.00143861,1.72093900,-0.12637720
468.10143860,1.72566900,-0.12567520
468.20143859,1.73070500,-0.12500380
468.30143859,1.73574000,-0.12506480
468.40143858,1.73955500,-0.12414930
468.50143858,1.74535400,-0.12378310
468.60143857,1.74993100,-0.12317270
468.70143856,1.75420400,-0.12283700
468.80143856,1.75862900,-0.12198250
468.90143855,1.76351200,-0.12170780
469.00143855,1.76992100,-0.12103640
469.10143854,1.77282000,-0.12051760
469.20143853,1.77770300,-0.12039550
469.30143853,1.78228100,-0.11948000
469.40143852,1.78716400,-0.11914430
469.50143852,1.79219900,-0.11853390
469.60143851,1.79662500,-0.11789300
469.70143850,1.80135500,-0.11777090
469.80143850,1.80486500,-0.11740470
469.90143849,1.80974800,-0.11703850
470.00143849,1.81493600,-0.11618400
470.10143848,1.81936100,-0.11548200
470.20143847,1.82378600,-0.11536000
470.30143847,1.82744800,-0.11462750
470.40143846,1.83217900,-0.11438340
470.50143846,1.83767200,-0.11365090
470.60143845,1.84148700,-0.11297950
470.70143845,1.84575900,-0.11252170
470.80143844,1.84972700,-0.11206400
470.90143843,1.85552500,-0.11114840
471.00143843,1.85934000,-0.11093480
471.10143842,1.86376500,-0.11072120
471.20143842,1.86834300,-0.10974460
471.30143841,1.87307300,-0.10940890
471.40143840,1.87688800,-0.10907320
471.50143840,1.88070300,-0.10821860
471.60143839,1.88528100,-0.10794400
471.70143839,1.88940100,-0.10751670
471.80143838,1.89458900,-0.10663170
471.90143837,1.89931900,-0.10626540
472.00143837,1.90237100,-0.10589920
472.10143836,1.90679600,-0.10519730
472.20143836,1.91152700,-0.10452590
472.30143835,1.91564700,-0.10403760
472.40143834,1.91885100,-0.10373240
472.50143834,1.92373400,-0.10336620
472.60143833,1.92861700,-0.10269480
472.70143833,1.93258500,-0.10196230
472.80143832,1.93624700,-0.10153510
472.90143831,1.93975700,-0.10101630
473.00143831,1.94494500,-0.10074160
473.10143830,1.94723300,-0.09988708
473.20143830,1.95135400,-0.09930723
473.30143829,1.95608400,-0.09872738
473.40143828,1.96050900,-0.09830012
473.50143828,1.96371400,-0.09784234
473.60143827,1.96874900,-0.09732353
473.70143827,1.97241100,-0.09653004
473.80143826,1.97622600,-0.09646901
473.90143826,1.98004100,-0.09552293
474.00143825,1.98446600,-0.09500412
474.10143824,1.98843300,-0.09454634
474.20143824,1.99209600,-0.09390546
474.30143823,1.99575800,-0.09341716
474.40143823,1.99896200,-0.09302042
474.50143822,2.00445600,-0.09219642
474.60143821,2.00766000,-0.09155553
474.70143821,2.01254300,-0.09106723
474.80143820,2.01483200,-0.09048738
474.90143820,2.01834200,-0.09073153
475.00143819,2.02337700,-0.08935820
475.10143818,2.02581900,-0.08877835
475.20143818,2.03024400,-0.08862575
475.30143817,2.03375300,-0.08761864
475.40143817,2.03787400,-0.08746605
475.50143816,2.04199300,-0.08679464
475.60143815,2.04626600,-0.08624531
475.70143815,2.04809700,-0.08615375
475.80143814,2.05221700,-0.08478042
475.90143814,2.05618500,-0.08484146
476.00143813,2.05999900,-0.08383434
476.10143812,2.06259300,-0.08362071
476.20143812,2.06610300,-0.08331553
476.30143811,2.06976500,-0.08090457
476.40143811,2.07205400,-0.08255257
476.50143810,2.07709000,-0.08078250
476.60143809,2.08136200,-0.08026368
476.70143809,2.08502500,-0.08062990
476.80143808,2.08777100,-0.07950072
476.90143808,2.09189100,-0.07889035
477.00143807,2.09631600,-0.07815790
477.10143807,2.09769000,-0.07770012
477.20143806,2.10181000,-0.07712027
477.30143805,2.10608200,-0.07702872
477.40143805,2.10760800,-0.07889035
477.50143804,2.11111800,-0.07525864
477.60143804,2.11508500,-0.07495346
477.70143803,2.11874700,-0.07428205
477.80143802,2.12286800,-0.07385479
477.90143802,2.12622500,-0.07351909
478.00143801,2.12958200,-0.07260353
478.10143801,2.13202300,-0.07232887
478.20143800,2.13507500,-0.07138279
478.30143799,2.13889000,-0.07107761
478.40143799,2.14224700,-0.07046724
478.50143798,2.14453600,-0.06967375
478.60143798,2.14911300,-0.06930754
478.70143797,2.15262300,-0.06878872
478.80143796,2.15552200,-0.06811731
478.90143796,2.15735300,-0.06775109
479.00143795,2.16116800,-0.06698813
479.10143795,2.16376200,-0.06634724
479.20143794,2.16696700,-0.06598102
479.30143793,2.16895100,-0.06537065
479.40143793,2.17413900,-0.06472976
479.50143792,2.17520700,-0.06427198
479.60143792,2.17825900,-0.06350902
479.70143791,2.18222600,-0.06302072
479.80143790,2.18451500,-0.06231879
479.90143790,2.18771900,-0.06186102
480.00143789,2.19031300,-0.06128117
480.10143789,2.19397600,-0.06076235
480.20143788,2.19611200,-0.05987731
480.30143788,2.19977400,-0.05957213
480.40143787,2.20175800,-0.05887020
480.50143786,2.20511500,-0.05825983
480.60143786,2.20862500,-0.05798517
480.70143785,2.21121900,-0.05716117
480.80143785,2.21320200,-0.05685598
480.90143784,2.21564400,-0.05612354
481.00143783,2.21869600,-0.05557420
481.10143783,2.22083200,-0.05487228
481.20143782,2.22342600,-0.05407880
481.30143782,2.22632500,-0.05389569
481.40143781,2.22983500,-0.05328532
481.50143780,2.23242900,-0.05236976
481.60143780,2.23395500,-0.05212561
481.70143779,2.23838000,-0.05102695
481.80143779,2.24051600,-0.05078280
481.90143778,2.24326300,-0.05011139
482.00143777,2.24570400,-0.04956206
482.10143777,2.24814600,-0.04895169
482.20143776,2.25058700,-0.04837184
482.30143776,2.25318100,-0.04773095
482.40143775,2.25623300,-0.04751732
482.50143774,2.25821700,-0.04660176
482.60143774,2.26142100,-0.04611347
482.70143773,2.26310000,-0.04525895
482.80143773,2.26569400,-0.04507584
482.90143772,2.26783000,-0.04431288
483.00143771,2.27088200,-0.04370251
483.10143771,2.27271300,-0.04321421
483.20143770,2.27485000,-0.04235969
483.30143770,2.27790200,-0.04153569
483.40143769,2.27988500,-0.04150517
483.50143769,2.28263200,-0.04071169
483.60143768,2.28415800,-0.04028443
483.70143767,2.28583600,-0.03985717
483.80143767,2.28965100,-0.03903317
483.90143766,2.29102400,-0.03820917
484.00143766,2.29438200,-0.03790399
484.10143765,2.29590700,-0.03689688
484.20143764,2.29895900,-0.03659169
484.30143764,2.30079000,-0.03619495
484.40143763,2.30307900,-0.03524888
484.50143763,2.30506300,-0.03473006
484.60143762,2.30628400,-0.03421125
484.70143761,2.30887800,-0.03360088
484.80143761,2.31147200,-0.03289896
484.90143760,2.31238700,-0.03244118
485.00143760,2.31482900,-0.03146458
485.10143759,2.31757600,-0.03125095
485.20143758,2.31788100,-0.03082369
485.30143758,2.32017000,-0.03027436
485.40143757,2.32367900,-0.02948088
485.50143757,2.32520500,-0.02883999
485.60143756,2.32779900,-0.02774132
485.70143755,2.32932500,-0.02768029
485.80143755,2.33100400,-0.02630696
485.90143754,2.33283500,-0.02630696
486.00143754,2.33405600,-0.02539140
486.10143753,2.33573400,-0.02517777
486.20143752,2.33741300,-0.02450636
486.30143752,2.34031200,-0.02343822
486.40143751,2.34183800,-0.02328562
486.50143751,2.34290600,-0.02304148
486.60143750,2.34519500,-0.02194281
486.70143750,2.34748400,-0.02182074
486.80143749,2.34885700,-0.02053896
486.90143748,2.34946800,-0.02047792
487.00143748,2.35114600,-0.01980651
487.10143747,2.35267200,-0.01901303
487.20143747,2.35496100,-0.01867733
487.30143746,2.35496100,-0.01892148
487.40143745,2.35816500,-0.01779229
487.50143745,2.35953900,-0.01687673
487.60143744,2.36182700,-0.01593066
487.70143744,2.36335300,-0.01550340
487.80143743,2.36381100,-0.01480148
487.90143742,2.36625300,-0.01422163
488.00143742,2.36762600,-0.01361126
488.10143741,2.36869400,-0.01315348
488.20143741,2.37037300,-0.01284829
488.30143740,2.37250900,-0.01303140
488.40143739,2.37479800,-0.01016266
488.50143739,2.37434000,-0.01126133
488.60143738,2.37495000,-0.01004059
488.70143738,2.37647600,-0.00985748
488.80143737,2.37754400,-0.00888089
488.90143736,2.37922300,-0.00827052
489.00143736,2.38074900,-0.00787378
489.10143735,2.38288500,-0.00692770
489.20143735,2.38319000,-0.00631733
489.30143734,2.38456400,-0.00592059
489.40143733,2.38547900,-0.00515763
489.50143733,2.38715800,-0.00454726
489.60143732,2.38776800,-0.00421155
489.70143732,2.38837900,-0.00363170
489.80143731,2.39021000,-0.00265511
489.90143731,2.39066700,-0.00225837
490.00143730,2.39234600,-0.00167852
490.10143729,2.39433000,-0.00100711
490.20143729,2.39448200,-0.00042726
490.30143728,2.39524500,0.00024415
490.40143728,2.39585600,0.00070193
490.50143727,2.39738200,0.00128178
490.60143726,2.39783900,0.00189215
490.70143726,2.39936500,0.00259407
490.80143725,2.39982300,0.00317393
490.90143725,2.40073800,0.00360118
491.00143724,2.40119600,0.00454726
491.10143723,2.40241700,0.00479141
491.20143723,2.40333300,0.00534074
491.30143722,2.40516400,0.00631733
491.40143722,2.40531600,0.00674459
491.50143721,2.40699500,0.00744652
491.60143720,2.40699500,0.00817896
491.70143720,2.40745300,0.00827052
491.80143719,2.40852100,0.00912503
491.90143719,2.40897800,0.01001007
492.00143718,2.41081000,0.01052889
492.10143717,2.41081000,0.01110874
492.20143717,2.41157300,0.01171911
492.30143716,2.41172500,0.01226844
492.40143716,2.41264100,0.01260414
492.50143715,2.41279300,0.01339763
492.60143714,2.41401400,0.01400800
492.70143714,2.41477700,0.01446577
492.80143713,2.41523500,0.01522874
492.90143713,2.41645600,0.01602222
493.00143712,2.41676100,0.01651051
493.10143712,2.41737100,0.01712088
493.20143711,2.41828700,0.01770074
493.30143710,2.41813400,0.01806696
493.40143710,2.41767600,0.01889096
493.50143709,2.41843900,0.01950133
493.60143709,2.41920200,0.02020325
493.70143708,2.41996500,0.02072207
493.80143707,2.42072800,0.02121036
493.90143707,2.42164400,0.02188177
494.00143706,2.42057600,0.02224799
494.10143706,2.42103300,0.02307199
494.20143705,2.42072800,0.02392651
494.30143704,2.42088100,0.02438429
494.40143704,2.42133900,0.02502518
494.50143703,2.42164400,0.02548296
494.60143703,2.42164400,0.02615436
494.70143702,2.42332200,0.02670370
494.80143701,2.42255900,0.02728355
494.90143701,2.42347500,0.02795495
495.00143700,2.42225400,0.02862636
495.10143700,2.42286400,0.02914518
495.20143699,2.42240700,0.02978607
495.30143698,2.42317000,0.03030488
495.40143698,2.42286400,0.03094577
495.50143697,2.42301700,0.03158666
495.60143697,2.42347500,0.03213599
495.70143696,2.42286400,0.03250221
495.80143695,2.42240700,0.03311258
495.90143695,2.42317000,0.03393658
496.00143694,2.42362700,0.03439436
496.10143694,2.42347500,0.03506577
496.20143693,2.42362700,0.03570665
496.30143693,2.42255900,0.03616443
496.40143692,2.42133900,0.03704947
496.50143691,2.42194900,0.03762932
496.60143691,2.42255900,0.03827021
496.70143690,2.42286400,0.03863643
496.80143690,2.42118600,0.03927732
496.90143689,2.42133900,0.03988769
497.00143688,2.42164400,0.04068117
497.10143688,2.42164400,0.04086429
497.20143687,2.42057600,0.04144414
497.30143687,2.41996500,0.04226813
497.40143686,2.41981300,0.04260384
497.50143685,2.41966000,0.04327524
497.60143685,2.41935500,0.04394665
497.70143684,2.41813400,0.04434339
497.80143684,2.41859200,0.04519791
497.90143683,2.41767600,0.04577776
498.00143682,2.41737100,0.04647969
498.10143682,2.41721800,0.04684591
498.20143681,2.41569300,0.04718161
498.30143681,2.41569300,0.04876858
498.40143680,2.41569300,0.04809717
498.50143679,2.41386200,0.04898221
498.60143679,2.41401400,0.05032502
498.70143678,2.41294600,0.05017243
498.80143678,2.41294600,0.05102695
498.90143677,2.41172500,0.05166784
499.00143676,2.41081000,0.05227821
499.10143676,2.41050500,0.05279702
499.20143675,2.41111500,0.05536058
499.30143675,2.41050500,0.05487228
499.40143674,2.40882600,0.05420087
499.50143674,2.40791000,0.05572680
499.60143673,2.40730000,0.05551317
499.70143672,2.40592700,0.05655080
499.80143672,2.40638400,0.05679495
499.90143671,2.40516400,0.05728324
500.00143671,2.40409600,0.05807672
500.10143670,2.40379000,0.05853450
500.20143669,2.40195900,0.05902280
500.30143669,2.40195900,0.05981628
500.40143668,2.40119600,0.06045717
500.50143668,2.39936500,0.06131168
500.60143667,2.39951800,0.06146428
500.70143666,2.39722900,0.06210517
500.80143666,2.39600800,0.06228828
500.90143665,2.39509300,0.06332590
501.00143665,2.39417700,0.06399731
501.10143664,2.39249800,0.06448561
501.20143663,2.39265100,0.06482132
501.30143663,2.39158300,0.06555375
501.40143662,2.38975200,0.06598102
501.50143662,2.38929400,0.06686606
501.60143661,2.38807300,0.06726280
501.70143660,2.38700500,0.06762902
501.80143660,2.38609000,0.06866664
501.90143659,2.38410600,0.06900235
502.00143659,2.38319000,0.06936857
502.10143658,2.38242700,0.07013153
502.20143657,2.38074900,0.07058931
502.30143657,2.37876500,0.07113864
502.40143656,2.37800200,0.07187109
502.50143656,2.37647600,0.07226783
502.60143655,2.37586600,0.07293924
502.70143655,2.37388200,0.07354961
502.80143654,2.37235600,0.07412946
502.90143653,2.37144100,0.07507554
503.00143653,2.36884700,0.07513657
503.10143652,2.36838900,0.07568590
503.20143652,2.36686300,0.07605213
503.30143651,2.36564200,0.07690664
503.40143650,2.36426900,0.07770012
503.50143650,2.36167500,0.07803583
503.60143649,2.36152200,0.07870723
503.70143649,2.36030100,0.07940916
503.80143648,2.35831800,0.07992797
503.90143647,2.35511300,0.08020264
504.00143647,2.35465600,0.08075198
504.10143646,2.35267200,0.08130131
504.20143646,2.35160400,0.08212531
504.30143645,2.34916200,0.08291879
504.40143644,2.34748400,0.08291879
504.50143644,2.34626300,0.08359019
504.60143643,2.34473700,0.08423109
504.70143643,2.34321100,0.08456679
504.80143642,2.34199000,0.08505508
504.90143641,2.33893800,0.08581805
505.00143641,2.33817600,0.08651997
505.10143640,2.33512400,0.08706931
505.20143640,2.33436100,0.08758812
505.30143639,2.33161400,0.08777124
505.40143639,2.32963000,0.08883938
505.50143638,2.32902000,0.08908353
505.60143637,2.32642600,0.08966338
505.70143637,2.32551100,0.09024324
505.80143636,2.32261100,0.09060945
505.90143636,2.32047500,0.09164708
506.00143635,2.31925400,0.09198279
506.10143634,2.31650800,0.09244057
506.20143634,2.31315000,0.09244057
506.30143633,2.31162500,0.09393597
506.40143633,2.31055600,0.09405804
506.50143632,2.30857300,0.09479049
506.60143631,2.30613100,0.09530930
506.70143631,2.30445300,0.09564501
506.80143630,2.30231600,0.09662160
506.90143630,2.29957000,0.09671316
507.00143629,2.29758600,0.09723197
507.10143628,2.29499200,0.09784234
507.20143628,2.29270300,0.09823908
507.30143627,2.29087200,0.09924619
507.40143627,2.28797300,0.09927671
507.50143626,2.28614200,0.10000920
507.60143625,2.28415800,0.10043640
507.70143625,2.28202200,0.10132150
507.80143624,2.28095300,0.10162660
507.90143624,2.27744400,0.10214540
508.00143623,2.27500200,0.10251170
508.10143622,2.27347600,0.10312200
508.20143622,2.27073000,0.10412920
508.30143621,2.26737300,0.10412920
508.40143621,2.26432100,0.10486160
508.50143620,2.26218500,0.10531940
508.60143620,2.26035300,0.10599080
508.70143619,2.25821700,0.10614340
508.80143618,2.25531800,0.10684530
508.90143618,2.25302900,0.10678430
509.00143617,2.24982500,0.10809660
509.10143617,2.24753600,0.10855430
509.20143616,2.24463600,0.10834070
509.30143615,2.24234700,0.10962250
509.40143615,2.24036400,0.11044650
509.50143614,2.23777000,0.11053800
509.60143614,2.23410700,0.11087370
509.70143613,2.23227600,0.11160620
509.80143612,2.22968200,0.11197240
509.90143612,2.22663000,0.11236910
510.00143611,2.22403600,0.11328470
510.10143611,2.22190000,0.11365090
510.20143610,2.21854300,0.11243020
510.30143609,2.21747500,0.11554310
510.40143609,2.21381300,0.11456650
510.50143608,2.21060800,0.11569570
510.60143608,2.20755600,0.11609240
510.70143607,2.20618300,0.11706900
510.80143606,2.20160500,0.11691640
510.90143606,2.19885800,0.11755730
511.00143605,2.19550200,0.11804560
511.10143605,2.19351800,0.11868650
511.20143604,2.19031300,0.11896110
511.30143603,2.18741400,0.11963260
511.40143603,2.18436200,0.12002930
511.50143602,2.18222600,0.12067020
511.60143602,2.17886900,0.12128060
511.70143601,2.17566400,0.12152470
511.80143601,2.17276500,0.12219610
511.90143600,2.17093400,0.12292860
512.00143599,2.16696700,0.12298960
512.10143599,2.16391500,0.12402720
512.20143598,2.15994700,0.12408830
512.30143598,2.15659000,0.12451550
512.40143597,2.15506500,0.12527850
512.50143596,2.15048700,0.12549210
512.60143596,2.14774000,0.12616350
512.70143595,2.14423000,0.12643820
512.80143595,2.14163600,0.12723170
512.90143594,2.13934800,0.12759790
513.00143593,2.13507500,0.12762840
513.10143593,2.13217600,0.12845240
513.20143592,2.12973400,0.12915430
513.30143592,2.12530900,0.12936800
513.40143591,2.12179900,0.13006990
513.50143590,2.11859500,0.13003940
513.60143590,2.11539100,0.13101600
513.70143589,2.11279600,0.13132110
513.80143589,2.10867600,0.13177890
513.90143588,2.10562500,0.13287760
514.00143587,2.10211500,0.13248080
514.10143587,2.09860500,0.13321330
514.20143586,2.09448500,0.13330480
514.30143586,2.09112800,0.13409830
514.40143585,2.08777100,0.13483080
514.50143584,2.08471900,0.13489180
514.60143584,2.08182000,0.13553270
514.70143583,2.07663200,0.13617360
514.80143583,2.07419000,0.13629570
514.90143582,2.07068100,0.13736380
515.00143582,2.06717100,0.13757740
515.10143581,2.06366200,0.13800470
515.20143580,2.05923700,0.13840140
515.30143580,2.05633700,0.13895080
515.40143579,2.05267500,0.13892020
515.50143579,2.04886000,0.13980530
515.60143578,2.04535100,0.14017150
515.70143577,2.04229900,0.14093450
515.80143577,2.03741600,0.14087340
515.90143576,2.03421100,0.14163640
516.00143576,2.02993900,0.14194160
516.10143575,2.02597100,0.14236890
516.20143574,2.02261400,0.14310130
516.30143574,2.01803600,0.14325390
516.40143573,2.01437400,0.14383370
516.50143573,2.01178000,0.14429150
516.60143572,2.00705000,0.14471880
516.70143571,2.00384500,0.14532910
516.80143571,1.99881000,0.14557330
516.90143570,1.99575800,0.14603110
517.00143570,1.99255300,0.14639730
517.10143569,1.98858600,0.14709920
517.20143568,1.98385600,0.14725180
517.30143568,1.98080400,0.14774010
517.40143567,1.97637900,0.14804530
517.50143567,1.97149600,0.14889980
517.60143566,1.96783400,0.14886930
517.70143565,1.96417100,0.14941860
517.80143565,1.96127200,0.15002900
517.90143564,1.95593100,0.15048680
518.00143564,1.95196400,0.15085300
518.10143563,1.94799600,0.15118870
518.20143563,1.94479200,0.15173800
518.30143562,1.94036700,0.15195170
518.40143561,1.93517900,0.15219580
518.50143561,1.93227900,0.15277570
518.60143560,1.92785400,0.15323340
518.70143560,1.92419200,0.15356910
518.80143559,1.91824100,0.15421000
518.90143558,1.91518900,0.15478990
519.00143558,1.91000100,0.15509510
519.10143557,1.90679600,0.15555280
519.20143557,1.90252400,0.15588850
519.30143556,1.89825100,0.15594960
519.40143555,1.89367400,0.15665150
519.50143555,1.88985900,0.15704830
519.60143554,1.88512800,0.15744500
519.70143554,1.88161900,0.15790280
519.80143553,1.87765100,0.15820800
519.90143552,1.87215800,0.15869620
520.00143552,1.86773300,0.15814690
520.10143551,1.86376500,0.16022220
